   3.7447544e+02
   1.5742163e+02
   1.2109161e+02
   1.4015373e+02
   1.4863107e+02
   1.8543211e-02
   7.0144425e-03
   2.0321269e-02
   3.2422476e-02
   7.9984073e-02
   2.5933109e-01
   5.3223774e-02
   5.9573675e-02
   6.8401830e-02
   1.4293468e-01
   5.8095000e-02
   3.5241186e-02
   7.6797230e-02
   5.5250261e-02
   3.1589914e-02
   4.2346671e-02
   5.8827158e-02
   7.7733363e-02
   1.0999122e-01
   1.1398587e-01
   5.0991645e-02
   1.6855539e-01
   2.1195947e-01
   7.0953268e-01
   1.5329947e-01
   1.5714068e-01
   1.0636488e-01
   1.0697266e-01
   2.5960229e-01
   1.3209281e-01
   1.4241568e-01
   2.4771537e-01
   1.1902618e-01
   7.7768466e-02
   5.8466498e-02
   1.7956623e-01
   1.3189492e-01
   6.8303981e-02
   1.7120854e-02
   7.9349962e-02
   3.4282322e-01
   1.3076044e-01
   1.0427804e-01
   2.1969859e-02
   6.5043668e-02
   9.0473149e-02
   2.5359580e-02
   9.4036510e-02
   7.8069801e-01
   1.4433872e+00
   7.0491006e-01
   2.9705482e+01
   2.0249125e+01
   5.5121385e+00
   4.4404567e-02
   1.6667874e+02
   1.7286172e+02
   3.8918328e+02
   2.4524455e+02
   1.3100982e+02
   6.4057452e+01
   1.1510009e-02
   1.4481301e-02
   8.2911230e-02
   3.4628238e-01
   1.5183332e-01
   5.9406056e-02
   1.3399077e-01
   5.2919203e-02
   2.9699418e-01
   3.2240156e-01
   1.5764300e-01
   2.4291443e-01
   1.2743622e-01
   7.4013659e-02
   1.0562480e-02
   5.4497190e-02
   1.8963877e-02
   9.6945872e-02
   1.3187075e-01
   5.5682406e-02
   8.1925167e-02
   5.2632903e-01
   4.4475132e-01
   7.9042739e-02
   9.8748148e-02
   4.2051048e-02
   1.4549215e-01
   1.1952517e-01
   2.0446874e-01
   1.8820254e-01
   1.1764447e-01
   2.6060309e-01
   2.4511250e-01
   3.0783902e-02
   1.9983010e-02
   7.8454030e-02
   3.5111826e-02
   4.6779401e-02
   3.7624981e-02
   1.2980580e-01
   1.2836435e-01
   2.8127418e-01
   7.2989686e-02
   2.4364359e-02
   2.8888917e-02
   2.2458416e-02
   1.5849759e-01
   4.3074125e-01
   4.4564328e-01
   2.9446671e+01
   4.4305712e+01
   4.4575576e+01
   2.3433532e+01
   4.6339589e-01
   4.0844954e+02
   2.4949788e+02
   1.6765221e+02
   6.1347001e+01
   1.1909254e+02
   5.4330886e+01
   1.5704602e+01
   6.1275942e-02
   1.0797814e-01
   9.6171719e+00
   4.8458364e+01
   2.1817476e+02
   1.2337585e+02
   3.4574161e-02
   1.7344921e-02
   8.1344998e-02
   6.5207598e-02
   1.1938267e-01
   6.5898679e-02
   4.2526722e-02
   4.8116618e-02
   1.5701185e-01
   2.9706276e-02
   3.7752854e-02
   7.1341702e-02
   8.4986339e-02
   4.6692665e-02
   1.5742077e-01
   1.4693133e-01
   7.2833763e-02
   9.2846748e-02
   3.7254553e-01
   9.9923372e-02
   6.1102626e-02
   7.9271341e-02
   8.7149133e-01
   3.3617305e-01
   8.2977454e-01
   1.8183588e-01
   1.7644514e-01
   3.7970228e-01
   7.9446012e-02
   5.0112902e-02
   7.9800573e-02
   3.5434204e-02
   1.1059956e-01
   2.4593033e-01
   1.8607279e-01
   2.4003735e-02
   2.8826663e-02
   4.0691670e-03
   4.5198823e-02
   2.6002135e-02
   2.4432361e-01
   1.0292002e-01
   1.3502097e+02
   1.4243740e+02
   4.5817042e+01
   4.5437648e+01
   4.6681948e+01
   1.4939065e+02
   1.0881006e+02
   1.5767175e+02
   7.5699779e+01
   6.0043370e+01
   5.5564102e+01
   2.7204999e+01
   3.3482222e+01
   6.6849817e+01
   9.1119375e+01
   1.9523952e+02
   2.5660114e+02
   1.7373462e+02
   3.3075192e+01
   9.3791938e-02
   2.4756782e-02
   8.4228247e-02
   6.0731080e-02
   4.6264197e-02
   2.5429721e-02
   3.7367676e-02
   1.1397659e-01
   1.0138442e-01
   1.3325557e+02
   2.2592454e+02
   4.2627814e+01
   4.0469090e-02
   5.8665305e+01
   3.1500900e+01
   1.6049478e+01
   9.2408257e+00
   1.7311532e-01
   3.8738761e-02
   1.3641244e-01
   5.7532080e-02
   4.9667833e-01
   8.7134773e-02
   2.9768494e-02
   7.2675458e-02
   8.2234651e-02
   1.2971228e-01
   8.0278994e-02
   3.1198121e-02
   4.1866085e-02
   5.6807797e-02
   4.6594438e-02
   5.1359694e-02
   1.7365882e-02
   5.2465503e-02
   2.3873679e-01
   1.6488241e-01
   9.0849215e-01
   1.1384749e-01
   2.0028141e-01
   2.1226607e-01
   9.6389895e+01
   9.6228379e+01
   8.7606407e+01
   1.2202252e+02
   5.7618178e+01
   1.0844706e-01
   5.9759435e+01
   1.8954934e+02
   3.6209864e+02
   2.9822674e+02
   2.1715462e+02
   1.3676838e+02
   6.0495432e+01
   1.9569148e+01
   2.9345212e+01
   6.8909111e+01
   8.1839402e+01
   7.0420065e+01
   1.4549136e+01
   6.2881549e-01
   1.6350873e-01
   1.9501546e-01
   5.9954678e-02
   8.8390514e-02
   2.1676401e-02
   7.7408118e-02
   1.9790151e+02
   4.7086050e+02
   2.1003627e+03
   1.4521901e+03
   8.3172805e-02
   3.0139230e-02
   2.7093086e+01
   3.6798778e+01
   4.3196014e+01
   2.3927987e+01
   6.3646895e+00
   6.1846857e-02
   2.8808592e-02
   1.1700050e-01
   1.3939204e-01
   4.1582120e-02
   6.0232195e-02
   2.2449768e-02
   8.0529408e-02
   8.9546252e-02
   6.6073687e-02
   9.3184570e-02
   3.9681233e-02
   5.0555098e-02
   2.1315716e-02
   3.7369793e-02
   2.1158948e-02
   9.6425930e-02
   3.7494383e+03
   1.2626116e+04
   3.2611233e+03
   6.9631644e-02
   2.4025030e+02
   1.4103888e+02
   1.5698981e+02
   1.0835666e+02
   5.5963503e-02
   7.8562939e-02
   5.7933817e-02
   3.1044158e-02
   7.9877875e-02
   1.8216158e-01
   4.4912490e-02
   3.2092697e+01
   8.6989926e+01
   4.2156055e+01
   1.7482376e+01
   4.1584204e+01
   2.8269775e+01
   2.6552094e+01
   1.2061759e-01
   2.8801809e+01
   6.5025685e+01
   1.9497033e-01
   1.3834878e-01
   1.9549730e-01
   1.6118476e-01
   1.2326474e-01
   8.1186598e-02
   8.0260840e-02
   3.1474479e+02
   1.6067413e+03
   8.1508065e+02
   1.7926537e+03
   9.4082361e-02
   6.9104097e+01
   4.6043272e+01
   1.9416394e+01
   2.4386947e+01
   1.0982030e+01
   2.7063475e+01
   5.2490105e-02
   1.4895423e-02
   1.0529106e-01
   1.7565599e-01
   7.3339665e-02
   2.7915873e-01
   4.3869649e-02
   6.6167026e+01
   5.3689711e+01
   5.7827583e-02
   4.2541044e-02
   7.2219995e-02
   4.1604521e-02
   7.3310613e-02
   4.4810622e-02
   5.5579003e-02
   3.4321114e-02
   9.5866077e+01
   8.0784094e+01
   3.6554590e+02
   1.2116596e+02
   8.0043466e+01
   9.6389167e+01
   4.8572305e+01
   1.5466843e+02
   4.3777785e-02
   1.8287808e-01
   1.1533032e-01
   9.8284361e-02
   7.2167355e-02
   2.2465819e-01
   3.3034682e-01
   2.9739562e-02
   1.9553292e+01
   1.6723072e+01
   1.4624507e+01
   1.2007489e+02
   2.5824159e+02
   4.8627589e+01
   1.2542855e-01
   7.3216704e-02
   1.7964036e+02
   1.8829434e+03
   3.6839175e+02
   2.8097314e-01
   1.5526982e-01
   1.1814059e-01
   4.5861590e-02
   9.2952119e+02
   1.5747618e+03
   3.5223820e+03
   1.1891070e+03
   3.7987962e+01
   1.7401881e-01
   2.1734864e-01
   2.0912480e-02
   2.4009804e+01
   5.9086324e+01
   4.6633711e+01
   8.4093059e+01
   1.2958399e+02
   3.7264297e-02
   1.2367199e-01
   1.1537701e-01
   1.5438183e-01
   7.9167754e-01
   5.4129152e-02
   3.3456615e+01
   1.2871153e+02
   3.3122699e+01
   2.5053187e+02
   1.2006822e+02
   5.0124333e-02
   1.4590930e-01
   5.6815018e-02
   1.5641592e-01
   4.8188142e+01
   1.0343842e+02
   1.4646637e+01
   1.0438003e+01
   1.5155604e+01
   2.0783655e+01
   2.5567021e+01
   4.2223109e+01
   9.8090127e+01
   4.2870803e+02
   2.4950302e+02
   8.7406015e+01
   2.3504751e-01
   6.0764876e-02
   6.9611600e-02
   1.7937814e-01
   1.4402486e-01
   1.5107874e-01
   1.7437186e-01
   4.3393352e-01
   6.8457720e+01
   3.1667560e+02
   1.5234099e+02
   1.0655351e+02
   2.4352390e+01
   4.3401894e+01
   6.6108476e+02
   5.5681352e+02
   5.2596050e-01
   4.9209915e-01
   6.3241008e-02
   1.2793557e+03
   9.1072360e+02
   5.1468561e+02
   2.2818303e+02
   1.9155728e+01
   5.3078121e+01
   3.5736181e+01
   5.9331633e-02
   5.8570591e-02
   6.7915996e-02
   1.1093982e-01
   2.1486833e+01
   2.7144724e+01
   4.6501730e+01
   1.3669536e-01
   1.4390018e-01
   9.4939273e-02
   9.4370801e-01
   1.0661183e-01
   7.5736330e-02
   6.3395186e-02
   1.6315779e+02
   3.2182780e+02
   2.7755023e+02
   7.6240387e+02
   9.0707690e+02
   3.4499529e+02
   3.0057066e+01
   3.6530591e+01
   3.6211948e+03
   1.4817668e+02
   1.3291605e+01
   1.0375158e+01
   1.1952241e+01
   1.4702642e+01
   1.3060337e+01
   2.9859135e+01
   4.9904812e+01
   3.2251674e+02
   5.3744178e+02
   2.8230305e+02
   5.5888462e-02
   2.2194268e-01
   8.3371653e-02
   1.0416203e-01
   3.5009910e-02
   3.1014039e-01
   1.1213809e-01
   6.4633199e-02
   1.0030232e+04
   3.0412663e+03
   5.0145772e+02
   3.3472225e+02
   5.5793489e+01
   1.9223776e-01
   3.2755321e+02
   5.1708889e+02
   1.5196667e+02
   1.7984124e+02
   5.5928354e+02
   7.8928429e+02
   4.1324091e+02
   6.4882453e+01
   4.3365324e-01
   1.9301245e-01
   6.4988288e+01
   5.2220402e+01
   6.9509708e-02
   7.0954611e-02
   2.8012147e-02
   3.1366477e-02
   7.1445045e-03
   1.9325936e+01
   6.0860991e+01
   3.3881701e-02
   1.2898170e-01
   4.4971646e-01
   9.6802688e-02
   8.9352273e+01
   3.2193011e+02
   9.3185901e-03
   8.4898835e+01
   1.1005037e+02
   7.0353185e+01
   2.6366198e+01
   4.9165468e+01
   4.5177893e+01
   1.5374426e+01
   1.8778678e+03
   2.8587980e+03
   8.3895080e+02
   5.5062390e+01
   3.8456242e+01
   6.7534028e+01
   3.9209704e+01
   6.5995926e+01
   3.2277702e+01
   2.5314450e+01
   9.8704782e+02
   3.4794469e+02
   2.2046294e-01
   5.5216999e-02
   6.8487553e-02
   4.3516923e-02
   2.7195454e-02
   1.3329559e-01
   1.1238749e-01
   5.1387756e-02
   6.3152881e-02
   4.6101515e-02
   3.0492530e+03
   6.5284620e+03
   2.3048671e+03
   5.8324482e+02
   1.7927486e-01
   2.5281422e+01
   1.5625133e+02
   8.2349529e+01
   9.8360996e+01
   7.1569264e+01
   1.5949880e+02
   5.2782722e+01
   1.7946053e-01
   7.1882462e-02
   1.7141396e-01
   7.2873292e-02
   1.1445067e-01
   8.7208034e-01
   2.7735056e-01
   8.9063878e-02
   4.6145777e-01
   4.9017240e-02
   3.2554861e-01
   2.6210522e-01
   8.4774279e-01
   3.4219295e-01
   4.0898691e-01
   2.1481090e+02
   5.0660110e+02
   8.0343909e+02
   5.9399454e+02
   2.6337578e+01
   4.3446195e+01
   1.5033223e+02
   1.4551069e-01
   3.0163505e+02
   4.0318969e+02
   2.4658012e+02
   1.6682999e+01
   1.4895374e+02
   2.9690773e+02
   7.9171430e+01
   1.0828565e+02
   2.7091363e+01
   8.6840626e+02
   1.1894674e+03
   1.6035313e+03
   1.6445819e+03
   1.1492794e+03
   4.0133105e-01
   8.3272628e-02
   2.8813732e-02
   3.1542923e-02
   7.2564061e-02
   1.8101621e-02
   4.2825962e-02
   1.5768529e-02
   4.5344743e+01
   5.4355052e+01
   7.6141612e-02
   5.2486404e-02
   3.5960488e+03
   5.1308429e+03
   3.1409887e+03
   1.4512500e-01
   6.1685877e-01
   1.4550751e-01
   2.9989757e+01
   7.2056746e+01
   9.4809390e+01
   1.8148275e+02
   8.4891946e+01
   3.5709580e-02
   2.2501124e-02
   2.6264081e-01
   1.2878201e-01
   1.9026677e-01
   4.1054187e-01
   1.4639174e-01
   5.4266459e-02
   1.5421277e-01
   1.8648417e-01
   3.5954946e-01
   8.7780807e-01
   9.1728510e-01
   4.2588881e-02
   3.0456091e+02
   6.3902455e+02
   5.6630027e+01
   1.3424324e+02
   2.0408344e+02
   5.4798201e+01
   4.9247672e+01
   6.8213616e-02
   1.0518913e+02
   6.3270773e+02
   1.0876447e+03
   1.3302586e+03
   2.6010318e+01
   2.8890678e+03
   1.6776812e-02
   3.8195122e-02
   2.9598012e+01
   1.6123329e+01
   8.8494366e-02
   1.0379871e+04
   5.4202343e+03
   2.0052064e+03
   8.4133922e+02
   2.8279563e-01
   1.6397229e-01
   3.9595937e-02
   7.9044191e-02
   1.0778127e-01
   6.1322957e-02
   3.1863005e-02
   5.1623435e-02
   8.4978201e+01
   1.5418930e-01
   8.9075051e-02
   1.7009459e-01
   3.3624201e+02
   1.6765626e+03
   2.2070406e+03
   1.5343592e+03
   2.2853133e-01
   3.8299251e+01
   1.7814860e+02
   1.9913792e+02
   3.9151483e+02
   2.3340694e+03
   6.2036342e-02
   9.0882659e-02
   2.1436428e-02
   1.0230699e-01
   9.8624108e-02
   1.1322668e-01
   7.8217542e-02
   5.7651209e-02
   1.4179833e-01
   4.6035656e-02
   7.8120658e-02
   2.3840238e-01
   3.3454644e+01
   9.6036938e+01
   1.9446883e+02
   1.0982268e+02
   4.3385367e+02
   1.0397604e+03
   8.2728181e+02
   2.3145853e+02
   3.6588937e+02
   7.1687155e+01
   1.3819941e+02
   2.0230491e+02
   6.7379361e+02
   4.7354197e+02
   6.7207710e+02
   9.8352739e+02
   1.3296213e+01
   3.8891103e-02
   5.3827975e-02
   4.5976472e+01
   1.0001050e+01
   1.0938734e-01
   2.2147403e-01
   1.3353294e-01
   1.8645596e+03
   1.8387882e-01
   4.0428626e-01
   9.0207993e-02
   1.5706133e-01
   3.9897246e-02
   9.8522216e-02
   8.6437544e-02
   1.9251127e-01
   4.6280804e-02
   8.9604080e-02
   5.9526696e-02
   6.9542209e-02
   7.5425361e-01
   1.0750960e-01
   5.0026807e-02
   2.1137961e+03
   4.2656021e+03
   3.5164682e-02
   2.2254888e+01
   5.4362380e+01
   6.1274978e+01
   7.3403555e+01
   7.4368201e+01
   2.3340101e+02
   9.9702698e+01
   2.3236352e+02
   3.5638833e-02
   6.2780753e-02
   1.1905198e-01
   3.0537495e-02
   8.8743347e-02
   3.1320294e-01
   8.1287038e-02
   1.3973480e-01
   1.8960141e-01
   4.9034689e+01
   2.9477242e+01
   6.0340609e+01
   7.8523578e+01
   1.5061107e+02
   1.2515606e+02
   1.6680524e+02
   1.5751048e+02
   4.8830508e+02
   1.2018187e+03
   1.2655320e+03
   2.6974778e+02
   1.0080003e+03
   1.9365065e+03
   2.0049993e+03
   2.9850247e+02
   6.9400295e+01
   6.3543450e+01
   6.6045504e-02
   9.5372600e-02
   2.0299133e+01
   1.4265791e-01
   1.4769348e-01
   6.1565070e-02
   1.2262430e-01
   9.8558755e+02
   3.3262751e+02
   1.0451165e+03
   1.1303012e+00
   6.2999063e-02
   6.5205011e-01
   6.1118243e-02
   8.4186690e-02
   4.1457720e-02
   9.7413300e-02
   5.4991481e-02
   4.8517774e-02
   6.4749592e-02
   2.6212492e-01
   1.5092794e-01
   4.3766924e-02
   4.2812407e+03
   4.0732784e+03
   2.8572296e-02
   3.1416411e+01
   1.3533394e+02
   1.8069437e+02
   1.9510113e+02
   1.8815129e+02
   2.3702041e+02
   8.4652090e+01
   1.8218967e-01
   5.0176288e-01
   1.9667356e-01
   4.8253199e-02
   1.5860073e-01
   6.2449073e-02
   7.3961247e-02
   8.3510933e-02
   1.2513245e+02
   1.9283614e+02
   1.3922692e+02
   1.1764480e+02
   1.9057212e+02
   2.3977675e+02
   1.4510073e+02
   1.6926154e+02
   2.2142005e-01
   2.0533228e+01
   2.3445885e+02
   4.8453812e+02
   5.4623025e+02
   1.0009513e+03
   5.0707937e+02
   6.1842729e+01
   3.2092717e+01
   7.8832576e+01
   1.2186097e+02
   2.4802321e-02
   1.4204083e-01
   1.3845711e-01
   1.4268431e-01
   3.0564818e-01
   1.9972596e-01
   6.8744096e-02
   2.5522989e+02
   8.9550516e+02
   4.9501331e+03
   4.1211579e-01
   1.7126649e-01
   2.9946685e-01
   9.8783492e-02
   1.5437841e-01
   6.8174051e-02
   3.1496287e-01
   1.0745886e-01
   3.5481255e-02
   4.9364682e-02
   1.8415671e-01
   1.5149388e-01
   6.6139329e-02
   7.4037679e-02
   4.0894503e+02
   7.7241958e-01
   5.7155446e+00
   3.2599133e+01
   1.1204730e-01
   1.0295950e+02
   1.1098448e+02
   6.8354006e-02
   8.4899514e+02
   4.5666993e+02
   1.6099525e-01
   5.8121102e-02
   1.2192871e-01
   1.3871954e-01
   6.4701186e-02
   9.1104117e-02
   1.7348477e-02
   1.3101353e+02
   2.8843672e+02
   1.8497915e+02
   3.8641167e-01
   2.2827795e+02
   9.6815858e-02
   2.4666489e+02
   7.8129574e+01
   2.9184552e-02
   5.0746580e-02
   3.5229600e+02
   4.2260532e+02
   1.3847714e+02
   1.3995396e+02
   1.1792306e+02
   6.9206751e+01
   3.6348192e+01
   6.6198063e-03
   1.1056028e+02
   6.5193216e-02
   2.0710740e-01
   3.5885296e-01
   1.5054819e-01
   6.0504134e-02
   1.5462713e-01
   2.0815931e+02
   6.8612737e+02
   1.2439136e+03
   1.0646228e+03
   6.9453128e-02
   1.7354235e-02
   7.6423045e-02
   6.2112775e-02
   4.6438976e-02
   7.2473162e-02
   1.0653266e+00
   1.0079141e-01
   3.2042318e-02
   1.4809526e-01
   3.6940491e-02
   3.4269830e-02
   3.2818714e-01
   5.7819625e-02
   4.7681559e-02
   1.2029161e-01
   2.1944867e+01
   5.0870351e-02
   1.1251621e-01
   1.6512818e+02
   1.5262829e+02
   3.4650749e-02
   1.4083262e+02
   1.2078855e+02
   5.2361612e-01
   1.4266015e-01
   4.3470715e-01
   2.1104840e-01
   2.7330319e-01
   5.9152499e-02
   2.4008490e-01
   9.9720526e+01
   6.8527795e+01
   1.9640420e-02
   3.7054612e-02
   2.4019616e-02
   3.0144286e-02
   1.0709923e-02
   5.3808418e-02
   8.1370955e-02
   1.0420792e-01
   1.4436072e-01
   2.3333567e-01
   4.7413248e-02
   1.4091798e+02
   5.7603387e+01
   5.9760082e+01
   1.4760329e-01
   1.0091243e-02
   2.0783084e-02
   2.2430541e-01
   1.2707867e-01
   1.6191182e-01
   9.5091868e-02
   9.7181407e-02
   5.6645282e-02
   1.1005812e+02
   5.2794151e+02
   9.2156261e+02
   3.1387034e+03
   1.7384518e-01
   5.8533892e-02
   1.7470983e-01
   9.5194425e-02
   2.8682678e+02
   7.0497678e+02
   3.0490293e+02
   3.1458256e-02
   4.5706974e-02
   6.9901915e-02
   4.9781113e-02
   1.0591698e-01
   4.4056924e-01
   3.5207557e-01
   2.8765551e-01
   4.5112111e-01
   9.8728961e+02
   5.2243493e-02
   1.0275607e-01
   3.1516736e+02
   1.9614234e+02
   6.0441712e-02
   5.6817896e-02
   6.2937803e+01
   2.3288837e+02
   1.0073560e+00
   1.2950797e+00
   4.2241562e+00
   1.3076263e-01
   1.7505076e-01
   1.2507353e-01
   1.2661741e+02
   4.8886333e-02
   7.4194556e-02
   5.3243938e-02
   2.9033373e-02
   7.4846569e-02
   4.0798594e-02
   3.1504637e-01
   5.0218512e-01
   3.8249996e-01
   1.1424962e-01
   1.8920455e-01
   9.6206145e-02
   9.6329688e-02
   3.4519094e+01
   5.7594310e-02
   9.4355092e-02
   1.6009965e-02
   5.7691134e-03
   5.4638185e-02
   7.5416005e-01
   6.3352492e-01
   4.1793101e-02
   2.2531894e-01
   8.1039011e-02
   4.6788218e-02
   8.7247646e-02
   2.3906104e-01
   1.0133140e-01
   4.9013326e+02
   2.5928522e+03
   3.8783164e+03
   5.4111934e+03
   2.1687829e+03
   1.6871665e+02
   1.6546042e+02
   2.8531861e-02
   1.7978768e-02
   1.1521358e-01
   9.0863971e-02
   2.4920664e-01
   5.4824883e-01
   2.2257917e-01
   2.2523602e-01
   1.5008053e-01
   9.5506352e+02
   3.5732654e+01
   9.9155017e+01
   7.7122651e+01
   1.1452311e+01
   1.7120104e-02
   2.2442547e-02
   2.9110675e-02
   9.3555361e+01
   6.3875589e+01
   5.1704736e-01
   8.8311415e+01
   1.1373206e-01
   1.1319908e-01
   3.3755185e+02
   4.4454447e+02
   9.9240706e-02
   4.8068878e-02
   9.8711342e-02
   1.5157631e-01
   7.1867912e-02
   1.5610027e-01
   1.3446624e-01
   1.2953685e-01
   3.4727278e-02
   8.7137999e-02
   1.6910019e-01
   5.3221381e-02
   6.5088517e-02
   2.9347127e-02
   3.6029745e-03
   1.0663658e-02
   5.0676668e-02
   2.6609251e-02
   1.1120362e-01
   1.6315991e-01
   1.0882915e-01
   1.7949122e-02
   4.0187825e-02
   1.0355484e-01
   7.3825853e-02
   7.3153070e-02
   1.7866716e-01
   2.8999321e-01
   1.8517123e+03
   7.9626396e+02
   7.6152619e+02
   1.6694244e+03
   1.5853695e+03
   1.2002085e+03
   2.5350845e+02
   9.5940427e+01
   3.6229936e-02
   1.5865389e-02
   2.9576903e-02
   9.0222651e-03
   4.5409210e-02
   2.9237276e-02
   1.8944461e-01
   4.7638089e-02
   7.2011787e+00
   2.9380870e+01
   2.0873615e+01
   6.9359581e+00
   5.6283639e+02
   1.0673462e+03
   1.3946905e-01
   1.6358595e-01
   6.6381707e-02
   8.8945263e+01
   1.6814645e+02
   2.0175431e+02
   9.2189824e+01
   1.4913446e-01
   2.0669713e+02
   3.5955106e+02
   4.9839727e-02
   1.0712173e-01
   1.2878038e-01
   4.0078019e-01
   1.3061921e-01
   2.6778081e-01
   1.5237993e-01
   5.2235558e-02
   6.7296284e-01
   1.9551781e-01
   5.9188748e-02
   2.7613109e-02
   1.1346684e-02
   1.3827207e-02
   4.7160405e-03
   9.4297756e-02
   1.2031828e-02
   4.7921507e-02
   1.5859186e-01
   3.3400340e-02
   5.0273929e-02
   1.3801891e-02
   1.1300502e-01
   1.2405286e-01
   4.5093909e-02
   1.1630377e-01
   2.2406635e-01
   8.3510605e-01
   2.2050730e+02
   3.4310439e+02
   2.3075026e+02
   2.0792222e+02
   1.6913217e+02
   1.1262398e+02
   4.5667090e+03
   1.2522961e+03
   1.2503588e-01
   3.2676855e-02
   5.6064789e-03
   2.7632001e-02
   1.4095372e-01
   4.6732351e-02
   8.3669501e-02
   2.2888302e+01
   1.0236910e+01
   3.3836869e+01
   3.5779863e-01
   1.3582994e+02
   7.1305801e-02
   5.5888055e+02
   4.4051675e+02
   1.1062295e-01
   4.5720595e-02
   2.3777455e+01
   6.6649798e+01
   8.9708188e+01
   1.5461220e-01
   2.3199424e-01
   6.6516865e+02
   1.0188492e+03
   9.1572643e-02
   1.5290797e-02
   9.7307174e-02
   4.7338885e-02
   1.5104150e-01
   1.3236360e-01
   1.3991572e-01
   2.0373795e-01
   2.1044802e-01
   4.4935772e-02
   2.4478320e-01
   1.4362664e-01
   9.2366923e-02
   1.7947682e-02
   9.4703511e-03
   1.0730908e-02
   4.3727250e-03
   2.5530233e-02
   1.5591440e-02
   6.5057468e-02
   5.3344912e-02
   5.4049697e-02
   5.6422499e-02
   6.9026183e-02
   8.8085444e-02
   3.3225182e-01
   2.3759086e-01
   1.5831425e-01
   1.9743080e+02
   2.1003121e+02
   2.8842756e+02
   4.5695277e+02
   5.7333616e+01
   1.3280469e+02
   9.3122294e+01
   1.4554446e+02
   8.4139598e+01
   1.2131828e+02
   5.6192020e-02
   1.5310289e-01
   1.7027857e-01
   1.2737119e+02
   7.4667352e+01
   3.5808001e+01
   1.4194935e+02
   1.5464800e+01
   1.7831905e+02
   6.7074996e+02
   1.3636384e-01
   3.4494646e-02
   1.1729896e+04
   4.8786483e+03
   7.3858308e+01
   3.1988118e+01
   4.3232734e+01
   8.0937641e+01
   8.3019557e-02
   8.9780820e-02
   1.7127485e+03
   1.4599894e+03
   4.5233381e-02
   2.8935734e-01
   2.3551342e-01
   9.9415899e-02
   9.7106450e-02
   2.3680233e-01
   6.4317412e-02
   1.3885452e-01
   8.5302185e-02
   6.8317151e-02
   4.9074864e-02
   3.3008691e-02
   1.1367646e-02
   1.7780040e-02
   1.4553571e-02
   1.3086376e-02
   1.3028560e-02
   1.1884409e-02
   6.9925924e-02
   1.5040011e-02
   1.0088199e-01
   1.4516631e-01
   2.9239948e-01
   7.8727834e-02
   6.1959053e-02
   5.7042741e-01
   2.0612921e-01
   9.0235229e+02
   6.3692224e+01
   1.1756990e+02
   2.5136548e+02
   9.3778303e+02
   5.5514667e-02
   4.9969913e+01
   2.0678258e+01
   1.3123898e+02
   1.2239951e+02
   1.9607757e+02
   9.8835256e-02
   7.6202450e-02
   4.4268507e-02
   2.6724298e-01
   7.8550234e+01
   7.8018151e+01
   9.7994917e+01
   4.2533569e+02
   2.5112183e+02
   1.1142289e+02
   3.3497842e-02
   3.2672549e-02
   6.5049735e+03
   1.3587960e+04
   1.3217701e+04
   9.3142332e+01
   2.2712999e+02
   2.9079165e+02
   1.6082447e+02
   1.0319979e+02
   1.2088117e+02
   6.7242731e+01
   2.4849644e+01
   7.6346235e+01
   1.3188851e-01
   1.5021471e-01
   6.3999124e-02
   2.6777703e-02
   1.2936177e-01
   1.6517669e-01
   2.1170379e-01
   1.9137855e-01
   1.5332884e-01
   2.1494427e+02
   1.2222394e-01
   6.4633043e-02
   9.7502843e-02
   2.5454323e-02
   1.6387994e-02
   5.3749744e-02
   1.8621988e-02
   1.5107813e-01
   4.8060910e-01
   1.8703840e-01
   5.4708194e-02
   1.7413466e-01
   1.1653755e-01
   5.2187105e-02
   1.5659783e-01
   6.4690187e+02
   2.1377887e+02
   2.3456957e+02
   1.8353364e+02
   2.7911667e+03
   1.4638678e+03
   1.7529560e+03
   4.6421204e+01
   3.8281267e+01
   1.2261215e+02
   1.9760977e+02
   2.0721460e+02
   6.0549853e+01
   1.2781702e+02
   2.0980069e+02
   6.4221182e-01
   1.3240227e+02
   3.0133310e+02
   2.7471606e+02
   4.2473023e+02
   3.0913383e+02
   2.8265908e-02
   4.6332814e-02
   1.5506370e-01
   3.9244607e+03
   6.7136646e+03
   4.1715941e+03
   6.4870292e+01
   1.9366354e+01
   6.3704174e+01
   1.6222424e+01
   4.5360898e+01
   5.1165757e+01
   1.0429102e+02
   1.5886575e+02
   1.9513310e+02
   2.6358090e+02
   3.4678219e+02
   2.0330631e-02
   1.0317698e-01
   3.5900638e-01
   2.2453546e-01
   1.1976867e-01
   8.7157509e-02
   2.1692031e+02
   4.4983845e+02
   2.5178633e-01
   2.1222485e-02
   2.3791909e-02
   6.3747150e-02
   2.4797265e-02
   5.0397555e-02
   2.7157763e-01
   5.3021976e-02
   4.4160966e-02
   8.1303753e-02
   7.3681457e-02
   3.6116662e-01
   7.8982057e-02
   6.3193821e-01
   5.2469678e+02
   2.0696746e+02
   3.0602925e+02
   3.8370338e+03
   1.7493274e+03
   8.8608557e+01
   9.1321685e+01
   2.7928396e+02
   1.5713300e+02
   1.1514901e+00
   3.6347891e+01
   1.1116229e+03
   7.8275286e+02
   6.3273608e+02
   2.0079316e+02
   1.8639796e+02
   2.5976129e+03
   1.8405510e-01
   4.7781262e-01
   2.3192591e-01
   1.0061862e-01
   1.9459691e-02
   6.1897704e-02
   5.8051045e-02
   4.0499950e+02
   1.6865368e+03
   2.1557325e+03
   1.2642826e+03
   1.6609870e+03
   6.7561187e+01
   8.1639593e+01
   3.6861689e+01
   1.5700408e+01
   1.8028454e+01
   5.2342812e+01
   5.4059774e+01
   2.6854629e+01
   4.1273220e+01
   2.6934478e+01
   5.5888582e-02
   1.7584735e-01
   1.3296949e-01
   4.0750853e-02
   1.4275672e-01
   4.0118073e+01
   1.1125595e+02
   2.1459686e+02
   1.1351003e-02
   6.2605734e-03
   1.0458921e-01
   9.1141149e+02
   1.7985954e+02
   1.1209262e-01
   7.0986194e-02
   3.3513082e-02
   1.5656142e+01
   1.5799612e-01
   1.8730413e-01
   2.0741548e-01
   2.7609697e-01
   3.0292478e-02
   1.4160990e-01
   3.6795084e-01
   2.2753576e-01
   3.6424611e+01
   2.4081430e+01
   8.1289541e+01
   3.8296350e+02
   1.8687944e+02
   1.0026080e-01
   2.0937783e-01
   2.0639233e-02
   8.8465693e+02
   1.5974174e+02
   1.7367588e+03
   9.5739871e+02
   1.2585638e+02
   4.6369037e-01
   4.0576520e-01
   7.8816808e-01
   1.9200922e-02
   5.9044838e-02
   3.0323588e-02
   1.5470242e-01
   3.3217160e+02
   5.4170233e+01
   1.2600226e+03
   2.5951003e+03
   4.6345400e+03
   1.1745673e+03
   2.6389695e+03
   1.4800941e+03
   2.5160912e+00
   3.0387161e-02
   5.3835169e+00
   3.2054814e+01
   3.6454382e+01
   9.5552520e+01
   4.2375201e+01
   5.3566814e-02
   1.3216994e-01
   5.2216109e-02
   9.1814258e-02
   1.6721815e-01
   4.4898740e+02
   3.8891443e+02
   5.4600338e+02
   2.0979016e-02
   1.4200803e+01
   1.4944930e+02
   7.1842645e+01
   8.4864585e+01
   6.5094191e-02
   7.2010604e+00
   2.1844417e+01
   2.2910179e-02
   4.1286659e+00
   8.9525227e+00
   3.2001721e+00
   6.4816021e-02
   6.0915210e-02
   2.3561802e+01
   5.1178385e+01
   3.2642108e+01
   4.3641135e+01
   1.1570122e+02
   5.5588631e+01
   2.8611166e+01
   1.8660319e+01
   6.3487188e+00
   1.1383515e-02
   7.7053191e-02
   9.8139833e-02
   1.6743335e+03
   3.4602754e+03
   1.7234208e+02
   3.1655235e+02
   1.2265220e-01
   1.1275258e-01
   1.5818126e-01
   3.0537686e-01
   1.0881837e-01
   2.4813183e-02
   1.1993010e+01
   2.7409690e+01
   2.8310792e+01
   6.7766541e+01
   2.4973854e+03
   6.5937446e+02
   1.5421811e-01
   2.1207210e+02
   3.4123072e+02
   2.0119296e+02
   1.6650671e+02
   3.7901688e-02
   6.1609068e+01
   4.3143494e+01
   6.5268800e+01
   5.6242531e+01
   9.4472359e+01
   5.4974148e-02
   4.4197047e-02
   2.9841502e-02
   2.3136411e-02
   7.5138672e-02
   1.1783467e+03
   7.7412522e+02
   7.6469842e+02
   1.2409171e+02
   2.0534818e+02
   1.5765903e+02
   2.9610065e+02
   6.7724026e+01
   9.5629305e+01
   1.5478699e-02
   1.3926517e-01
   9.1226412e-02
   1.4008723e+01
   1.8263711e+01
   1.7555247e-02
   1.1010609e-01
   5.4192948e+01
   1.1496599e+02
   5.2678701e+01
   2.2255399e+01
   5.0402743e-02
   1.2222565e-01
   1.7089254e+01
   5.1862765e+01
   5.0333091e+01
   1.8297273e+01
   2.0842399e-02
   1.5185265e-02
   8.8183419e+01
   1.2069778e+02
   1.8195605e+02
   2.7049626e+02
   4.8506948e-02
   1.4177810e-01
   2.9156385e-01
   3.0175422e-01
   3.9969521e-01
   9.5535456e-02
   4.7042785e+01
   5.8847666e+01
   1.1149181e+02
   4.5343762e+02
   5.9788570e+02
   9.4155902e-02
   8.8244005e+01
   4.2546482e+02
   5.5934456e+02
   6.4093799e+02
   4.6474331e+02
   1.8449230e-02
   5.3394056e-02
   4.2550610e-02
   2.3545834e+01
   9.3655398e+01
   1.9281417e+02
   2.3375291e+02
   2.0642802e-02
   2.5053167e-02
   9.5090405e-02
   1.1693522e-01
   1.2920805e-01
   2.4514589e+02
   5.5271025e+01
   1.1487196e+02
   2.0628438e+02
   7.0822640e+01
   1.3552419e+02
   7.8013285e+01
   3.5270106e+01
   1.2837202e-01
   6.9436713e-02
   2.7700514e-01
   1.0112497e-01
   1.3149748e+01
   9.2123538e-02
   4.5980089e-02
   1.0428183e+02
   8.5736481e+01
   3.3139181e+01
   1.0832773e-01
   1.1333646e-02
   1.3916120e-02
   1.5679664e-02
   1.6685560e+01
   2.0068181e+01
   1.9441418e+01
   9.3892924e-02
   5.1776479e-02
   6.1219469e-02
   8.9325501e-02
   9.4975560e+01
   2.0655680e-01
   1.2328813e-01
   1.6839871e-01
   1.4204977e-01
   7.0645176e-01
   2.8340650e-01
   1.2163722e-01
   7.3659415e+01
   9.9950937e-02
   3.8066596e-02
   4.1234787e+00
   3.2116710e+01
   1.3088111e+02
   8.5079829e+01
   1.0049508e+02
   4.4674862e+01
   4.7133554e-02
   2.0006064e-02
   8.2903091e-02
   7.2325504e-02
   1.0516067e-01
   1.5530251e-01
   2.8757811e+01
   1.3799775e+02
   4.5901224e+02
   4.9985694e+02
   3.2092699e+02
   3.8989628e+02
   5.0336193e+02
   5.1316475e+02
   1.9856890e+02
   1.7114745e+02
   1.9627250e+02
   8.2833490e+00
   1.2023371e+01
   2.2369853e+01
   4.3126399e+01
   8.8795931e+01
   5.0649697e-02
   1.5740900e-01
   8.4822073e-02
   1.2505127e-01
   4.0725536e-01
   1.0487228e-01
   4.6207868e-02
   2.3063839e-01
   6.6972809e-02
   7.7800469e-02
   3.6499989e-01
   7.4455442e-02
   4.2940095e-02
   2.8390830e-02
   1.8785090e-01
   3.4837258e+01
   4.1337764e+01
   1.6100913e-01
   1.0238297e-01
   6.6280241e-02
   4.7898285e-02
   2.2548560e-01
   2.3899824e-01
   1.8291611e-01
   1.5400062e-01
   1.1905056e-01
   2.0618121e-01
   4.1855259e-02
   3.8310173e-02
   1.7483655e-02
   2.3789090e-02
   7.9186092e-03
   9.3136997e-02
   1.4986215e+02
   2.5012774e+02
   2.1631156e+02
   9.7654062e+01
   5.3941346e-02
   2.1299835e-02
   3.6348507e-02
   2.0275682e-02
   9.4966718e-02
   5.6334383e-01
   1.7497429e-01
   3.0804623e-01
   4.1914255e-01
   2.3311663e+02
   2.4790544e+02
   4.3281711e+02
   5.0533296e+02
   3.0896446e+02
   7.2468365e+02
   2.5037889e+02
   8.1863800e+01
   3.3576077e+01
   1.1900738e+01
   3.0715261e-02
   5.5727981e-02
   1.4218904e+01
   1.7222979e+01
   2.8373497e-02
   3.7459324e-02
   3.5661900e-02
   1.5024288e-01
   7.7231611e-02
   5.8205732e-02
   4.6629865e-02
   6.2693268e-02
   1.0811168e-01
   4.8653617e-02
   5.9598300e-02
   1.1565908e-01
   1.1242033e-01
   1.3814296e-01
   1.4699056e-01
   1.5610148e-01
   1.7146819e-01
   2.2202944e+01
   1.0201532e-01
   2.3740552e-01
   1.7982794e-01
   2.4393769e-01
   9.1784529e-02
   1.3960356e-01
   1.7668586e-01
   3.6314579e-02
   2.2970505e-01
   1.3148659e-01
   4.9072723e-02
   6.8178429e-02
   1.1487442e-01
   3.5530302e-02
   1.3208539e-02
   1.1922602e+02
   3.2698758e+02
   1.9050757e+02
   1.2165398e-01
   1.1598191e-01
   5.9479208e-02
   1.0270957e-01
   1.4795382e-01
   1.7982487e-01
   1.0815986e-01
   1.6284168e-01
   1.6136919e-01
   2.1079647e-01
   1.0809457e-01
   3.2820378e-01
   3.8260461e+01
   5.1590338e+02
   5.0736847e+02
   3.2919822e+02
   1.5158441e+02
   1.6439370e+02
   8.9851865e+01
   1.3954753e-01
   1.5971465e-01
   5.7831200e-02
   3.0689330e+01
   1.7222567e+02
   7.2367654e-02
   4.6768552e-02
   3.3584578e-02
   3.0715237e-02
   7.4734554e-02
   4.5111229e-02
   6.5980431e-02
