   5.9752585e+01
   6.5682106e+01
   5.5838203e+01
   4.8720276e+01
   4.6378122e+01
   4.7001207e-02
   3.9506322e-03
   1.5261139e-02
   1.9907111e-02
   1.3541171e-01
   3.0639178e-01
   1.2451597e-01
   1.0701140e-01
   1.2478631e-01
   1.5324699e-01
   2.8510864e-02
   8.2782427e-02
   5.0263055e-02
   1.1146147e-01
   6.1129783e-02
   6.2032510e-02
   6.7703336e-02
   8.4845973e-02
   4.3235826e-02
   5.9403141e-02
   6.7941143e-02
   1.6762184e-01
   3.2025944e-01
   2.1930334e+00
   1.2175295e-01
   1.2115752e-01
   1.0609209e-01
   6.3916148e-02
   2.2481548e-01
   2.2014660e-02
   4.1436771e-02
   2.1465778e-01
   1.7437640e-01
   1.3003015e-01
   1.1042672e-01
   1.0657870e-01
   2.6631315e-01
   1.1782749e-01
   3.7273623e-02
   6.8420531e-02
   2.0550272e-01
   1.5262013e-01
   1.9169522e-01
   2.0638496e-02
   9.7059063e-02
   6.4376547e-02
   3.6239346e-02
   1.0161497e-01
   1.2579212e+00
   9.1140828e-01
   6.2530669e-01
   3.6394376e-01
   8.9030130e-02
   3.3613985e-01
   5.2169796e-02
   6.6129526e+01
   1.2481975e+02
   1.1168964e+02
   1.0482144e+02
   1.0075860e+02
   3.2999955e+02
   1.0824115e-02
   4.3748901e-03
   1.1547279e-01
   1.3948093e-01
   7.8341714e-02
   9.1191663e-02
   1.2773899e-01
   8.6036281e-02
   1.1709782e-01
   1.3096695e-01
   2.1053619e-01
   3.8500869e-02
   1.7460352e-01
   2.5456404e-02
   1.5848806e-02
   4.7429189e-02
   2.4625233e-02
   8.0596053e-02
   2.2511823e-01
   2.4052018e-01
   7.6725505e-02
   1.0471318e+00
   1.7827904e-01
   1.1378233e-01
   4.4030022e-02
   8.4783257e-02
   1.0113369e-01
   2.7339296e-01
   2.4347687e-01
   2.6113415e-01
   7.7385573e-02
   2.8393019e-01
   3.3711533e-01
   6.2604876e-02
   1.0452629e-02
   5.7628130e-02
   5.9088806e-02
   3.2780923e-02
   1.8388547e-02
   5.6243377e-02
   1.4150069e-01
   2.9715099e-01
   7.9509778e-02
   3.2551849e-02
   6.0272882e-02
   5.9740106e-02
   1.6374448e-01
   4.1670732e-01
   3.1562943e-01
   6.9355345e-01
   5.2005592e-01
   1.0891337e-01
   2.7471293e-01
   2.4488278e-01
   1.0886973e+01
   1.2301921e+01
   2.3203884e+01
   3.5371171e+01
   1.9127149e+02
   8.6657983e+01
   2.0278894e+01
   1.3522185e-02
   5.4683736e-02
   9.2954226e+01
   5.7479867e+01
   8.4018451e+01
   1.9204757e+02
   1.9535625e-02
   1.4860056e-02
   3.6464127e-02
   3.4444003e-02
   5.1495454e-02
   4.4545334e-02
   3.2370430e-02
   1.0344194e-02
   7.1268754e-02
   3.8281918e-02
   4.9932898e-02
   7.4248827e-02
   1.2227589e-01
   8.3952800e-02
   1.3486255e-01
   5.2455985e-02
   9.0033358e-02
   1.8896417e-01
   9.3667309e-02
   1.2386010e-01
   1.4822175e-01
   2.1160917e-01
   2.5254271e-01
   2.8179407e-01
   3.0072464e-01
   2.6052499e-01
   2.7102770e-01
   8.0529816e-02
   3.5638749e-02
   4.3791549e-02
   1.9355913e-01
   1.1178411e-01
   1.7386646e-01
   5.5109618e-01
   7.2884106e-02
   2.0265570e-02
   1.2198079e-02
   8.0291733e-03
   3.1052153e-02
   4.8423733e-02
   1.5765147e-01
   9.9283114e-02
   1.8222271e-01
   2.1493803e-01
   2.2437688e-01
   6.7454062e-02
   4.7388113e-02
   7.2009971e+01
   4.5783818e+01
   9.6966925e+01
   7.7490376e+01
   5.5367880e+01
   4.9713263e+01
   2.0823206e+01
   2.4041362e+01
   6.7424727e+01
   5.3236099e+01
   3.4446064e+01
   5.9202480e+01
   1.6716691e+02
   2.2976550e+02
   7.7929200e-02
   7.0245207e-02
   3.0119531e+01
   6.3381434e-02
   2.4491590e-02
   2.2562497e-02
   3.5450170e-02
   9.2313557e-02
   7.9123136e-02
   4.0964987e+00
   1.2179893e+02
   1.4513729e+02
   3.3476036e+02
   5.9123432e+02
   1.5796961e+02
   1.7181509e+02
   1.5279215e+02
   2.0686392e-01
   1.2039213e-01
   2.1247583e-01
   1.1508868e-01
   2.4669494e-01
   8.2494631e-02
   3.5125590e-02
   1.3627691e-01
   6.1548367e-02
   5.9933597e-02
   5.7390443e-02
   1.5955110e-01
   1.7284190e-02
   5.3494010e-02
   6.0826261e-02
   1.0241116e-01
   5.8524254e-02
   8.6157970e-02
   2.5493625e-01
   1.1878449e-01
   2.4999118e-01
   9.9946073e-02
   7.5029271e-02
   2.2298702e-01
   3.3436260e-01
   1.9399224e-01
   7.3306319e-02
   5.3770040e-02
   5.0127997e-02
   8.3099000e-02
   3.2064430e+01
   8.8235725e+00
   2.2749070e+01
   1.6487002e+02
   9.6798316e+01
   7.7316367e+01
   6.8948073e+01
   3.0161535e+01
   2.1615182e+01
   7.0643386e+01
   2.5318952e+02
   2.3389323e+02
   6.3376859e+01
   4.1533576e-01
   4.9871823e+01
   4.4504120e+01
   9.0310009e+01
   1.4370324e+02
   1.6555708e+02
   8.1957860e-02
   1.5545054e+02
   1.7117408e+02
   9.1062415e+02
   6.6982124e+02
   6.2250789e+02
   3.3721600e+02
   3.3067832e+02
   6.9690568e+02
   1.1075855e+03
   6.7731423e+02
   3.5141957e+02
   7.3775246e-02
   3.1490841e-02
   2.6043661e-01
   2.9186422e-01
   1.3862000e-01
   1.7812505e-02
   8.3515275e-03
   1.2760406e-02
   5.5721474e-02
   5.2875997e-02
   1.9361671e-01
   4.4692837e-02
   7.3485728e-02
   1.3509884e-02
   2.9980950e-02
   1.4046896e-02
   1.3427557e-01
   9.8005801e+02
   3.1090840e+02
   3.8835912e+01
   1.0693633e-01
   1.7418728e-01
   3.0556351e-01
   1.3909416e-01
   3.4763431e-02
   1.0704546e-01
   4.2291152e-02
   3.0372719e-02
   4.2639415e-02
   4.8595826e+02
   1.2206401e+03
   1.4573798e+03
   1.6454921e+02
   5.1976405e+02
   1.5689613e+02
   1.2938279e+02
   7.0591806e+01
   1.1131812e+02
   1.5312562e+02
   6.3317753e-02
   5.0648739e+01
   1.1010692e+02
   4.8777878e+01
   3.3335040e+01
   5.6516240e+01
   3.9321095e+01
   1.4984324e+02
   1.8927095e+02
   9.5383938e+01
   1.0561065e+02
   6.6883267e+02
   3.9185652e+02
   7.4992719e+02
   4.2199802e+02
   3.3945608e+02
   1.7365665e+02
   9.1955544e+01
   9.5609978e+01
   2.9803687e+02
   3.8466313e+02
   3.2650958e-02
   1.7993174e-02
   1.4513290e-01
   1.6011958e-01
   3.5118120e-01
   1.9697770e+02
   2.2982614e+02
   1.7683475e+02
   2.4784577e+02
   1.0177452e-01
   6.2370758e-02
   9.6193323e-02
   1.0094496e-01
   6.5592980e-02
   2.0047297e-02
   7.5569851e-02
   2.3526191e+03
   2.3100184e+03
   2.4809512e+03
   1.7751052e+03
   1.4258670e-01
   1.9455756e-01
   7.8932391e-02
   1.3921128e-02
   1.7529932e-02
   3.7392835e-02
   2.2677717e-01
   5.0778595e-02
   1.6391087e-01
   2.2144758e-02
   4.0475153e+03
   2.5811958e+03
   2.5066051e+03
   1.7250203e+02
   3.0341322e+02
   4.9798485e+02
   4.6210379e+02
   4.6307602e+02
   3.2886149e+02
   3.4473863e+02
   4.2444707e+02
   3.0056907e+02
   2.1064017e+02
   1.8930820e+02
   4.4010463e+01
   5.0820796e+01
   5.1854473e+01
   9.7790366e+01
   8.6524889e+02
   1.2293476e+03
   5.6171454e+02
   1.3255753e+02
   7.3001674e+01
   3.6111768e-01
   1.7190888e-01
   9.3018403e-02
   8.9524737e+01
   1.8725480e+02
   5.2205968e+02
   4.7147905e+02
   2.9057849e+02
   3.1010848e-02
   7.9434641e-02
   1.0798588e+02
   3.9695645e+02
   1.3751651e+02
   1.0151940e+02
   1.5194090e+02
   3.2144891e+02
   4.6108772e-02
   6.4156133e-02
   2.1437892e-02
   6.4183637e-02
   1.4685869e-01
   8.9674766e-02
   1.4966719e+03
   8.5646737e+02
   1.8803885e+01
   4.0614998e-02
   6.9860286e+02
   5.9287118e+02
   5.8551699e-02
   3.0961753e-02
   6.3441523e-02
   1.8969634e-02
   6.6997531e-02
   2.7576338e-02
   8.5112496e-02
   5.2944970e+01
   5.8774980e-02
   7.8670368e+02
   1.2881209e+03
   4.6639645e+01
   1.7146635e+02
   6.1629994e+01
   3.7525843e+01
   2.2750359e+01
   6.3197049e+01
   6.4369732e+01
   8.2630614e+01
   2.2646320e+02
   2.1400913e+02
   3.8308832e+02
   5.3942175e+02
   4.5278823e+01
   5.3593865e+01
   4.5901974e+01
   2.4369770e+01
   7.6142677e+02
   5.7255892e+02
   2.3106105e+02
   1.3336370e-01
   1.3001024e+02
   3.7759522e+01
   2.7825956e-01
   9.7441327e-02
   3.8916455e-02
   3.0660474e+03
   1.7902534e+02
   1.3477146e+02
   2.3596657e+02
   1.0423769e-01
   5.7521614e+00
   2.0137571e+01
   1.8284463e+01
   2.4543991e+02
   1.2248857e-01
   5.8709361e-02
   4.5680371e+02
   2.3952349e+02
   5.5154223e-02
   1.0285365e+02
   1.7917357e+02
   1.1078283e+02
   1.2731939e+02
   9.8997406e+01
   2.7362440e+02
   2.6311823e+02
   4.1792841e+02
   1.1591820e+03
   1.6236780e+03
   4.4466579e+02
   9.9285849e-03
   5.4767582e-02
   5.6613255e-02
   4.4608218e-02
   2.0436862e-01
   9.9500338e-01
   1.4713709e+02
   3.4272732e-02
   2.9505383e-02
   3.2559915e+02
   1.0371856e-01
   3.4291876e+01
   4.0227837e+01
   7.5832763e+01
   5.2512235e+01
   1.1147333e+02
   1.1396021e+01
   2.0476701e+01
   7.3033440e+00
   8.1961681e+00
   3.8451794e+02
   6.1500739e+02
   1.6010188e+02
   1.4899889e+03
   2.8745701e+03
   1.3032974e+03
   1.8805875e+03
   9.1144035e+02
   1.3413752e-01
   2.1968724e-01
   4.3369562e+00
   4.9777810e+00
   5.8343753e-02
   1.0738260e-01
   2.6326167e+02
   6.5665359e+02
   9.1168219e+02
   3.5716249e+02
   6.8278504e+01
   9.1883117e+01
   2.9570002e+01
   3.4944589e+01
   3.9337231e+01
   2.8034761e+01
   9.8642532e-02
   1.1640119e-02
   2.1913275e+02
   1.5306071e+02
   7.0379375e+01
   3.8750970e+02
   6.6253125e+02
   5.4377058e+02
   2.9440018e+02
   1.3387742e+02
   4.9230008e+01
   6.6763132e+01
   8.7925049e+01
   3.0149824e+02
   2.7902674e+02
   4.6731072e+02
   2.1527826e+02
   8.8685603e-02
   1.3660384e-01
   2.6731991e-01
   3.1925900e-02
   5.4830249e-02
   6.1634570e+01
   7.3379434e-02
   4.2937312e-02
   8.2738981e-02
   1.3558538e-01
   1.5612989e-01
   2.9008783e-02
   9.3871794e-02
   5.3237083e+01
   6.0136807e+01
   3.8264256e+00
   6.5896105e+00
   1.0737180e+01
   8.7011439e+00
   5.8381505e+01
   1.9920189e+03
   2.1668605e+03
   3.8039505e+03
   3.8350922e+03
   1.7465135e+03
   1.3643445e-01
   9.5993240e-02
   1.5977811e-01
   3.1103036e-01
   1.5252400e+01
   2.0555621e+01
   4.0264029e-01
   1.3735939e+03
   1.6902172e+03
   1.7164995e+03
   1.5277601e-01
   2.4893018e+03
   1.1129849e+03
   7.6051156e+01
   1.8415215e+02
   9.0150937e+00
   2.8587961e+01
   8.5113966e+01
   5.3384221e+01
   6.2385936e+01
   1.2665897e+02
   9.4660742e+01
   1.7107353e+02
   1.4328471e-01
   2.6370343e+02
   4.1326328e+02
   7.6797443e+01
   6.5641884e+01
   7.2808968e+01
   5.1361869e+01
   4.0126374e+01
   1.5085950e+02
   1.3403102e+02
   9.7734281e+01
   1.5933633e+01
   1.5635120e-01
   1.8603024e-01
   5.3917530e-02
   7.9734917e-01
   1.0061961e-01
   1.4920851e+02
   3.7049700e-02
   7.4752648e-02
   2.4555164e-02
   3.3055670e-02
   9.5116278e-02
   7.8982722e-02
   3.6337016e-02
   8.1943091e+02
   2.1577059e-01
   7.7087349e+00
   1.7302346e+01
   7.3186187e+00
   8.6143956e+00
   7.5560866e-01
   1.9571360e-01
   5.5769148e+03
   8.2482114e+03
   1.8919938e+03
   1.2533374e+03
   4.9127043e-02
   4.8262478e-02
   1.3955140e-02
   2.9127195e-01
   1.9429793e-01
   8.6959246e+01
   1.1437285e+03
   2.7766645e+03
   7.9427181e+02
   6.7759785e-02
   1.6652568e+03
   3.1177753e+03
   1.0161497e+03
   8.2421599e+01
   1.1595733e+02
   1.6894188e+02
   2.0366296e+02
   2.3250276e+02
   2.8984979e+02
   2.3265049e+02
   1.0661118e+02
   5.4044431e+02
   6.7480388e+02
   1.4745715e+02
   1.9706692e+02
   1.6274962e+02
   8.0401802e+01
   2.7597053e+01
   1.0349721e+01
   1.6173265e-02
   3.7465963e-02
   2.1091953e+01
   3.2301530e+01
   2.1578688e+01
   5.5363180e+01
   3.8203201e-02
   5.0567435e-02
   1.9861895e-01
   2.8260296e-01
   2.2523300e-01
   2.2352134e+02
   1.3859641e+02
   1.6154698e-01
   6.4318791e-02
   5.6049645e-02
   4.3704885e-02
   9.5005192e-02
   1.8107982e+02
   1.0132448e-01
   3.6173565e-01
   3.9921507e+01
   1.2308655e-01
   4.2267216e-02
   2.2745367e-02
   8.3758720e-02
   2.2641295e-01
   3.9677084e+01
   1.4352377e+01
   2.9610223e+01
   4.6151136e+01
   4.9481004e-02
   2.4356436e-02
   1.9563034e-02
   7.3010006e-02
   1.0714112e-01
   6.0362027e+01
   1.0420480e+04
   3.1967575e+03
   7.8061331e-02
   3.8287530e+02
   1.1202562e+03
   2.9333662e+02
   7.1701817e-02
   5.3558951e-02
   1.9519291e+02
   2.4876487e+02
   2.6102457e+02
   3.6981548e+02
   4.4138421e+02
   4.2632570e+02
   1.6632110e+02
   1.1599843e+02
   4.8180488e+01
   1.1877473e+02
   3.6324899e+02
   4.8079447e+02
   5.2448366e+02
   1.4452269e+02
   2.1195439e+02
   3.5365455e-02
   7.0186372e-02
   2.6858237e+01
   6.8451695e+01
   1.1303439e+02
   1.7282440e+02
   2.6139160e-01
   5.9002142e-02
   1.0198199e+00
   3.9580199e-01
   7.3774580e-02
   3.4310658e+02
   3.3379777e+02
   1.1982672e-01
   1.1284275e-01
   6.0967244e-02
   1.5751220e-02
   3.1513115e+02
   5.6422066e+01
   7.9444681e-02
   3.0539480e-01
   2.4801620e-02
   4.3464115e-02
   5.5031190e-02
   3.3234137e-02
   1.9964951e-02
   1.0226378e-01
   4.5644624e-02
   2.6310002e+01
   2.9124358e+01
   1.2042207e+01
   1.4391095e+01
   5.5933288e-02
   4.2107576e+01
   3.8254390e-02
   4.3568898e-02
   3.6445462e+02
   1.0879513e+03
   5.8553402e-02
   8.0836686e+02
   6.0980126e+02
   3.0994184e+02
   9.9825385e-02
   2.0373762e-01
   9.4747971e-02
   3.7802379e+01
   3.9357068e+01
   1.1294179e+02
   2.7653739e+02
   4.0574695e+02
   4.6518716e+02
   6.2449538e+02
   3.0288172e+02
   4.9878502e+02
   7.1525012e+02
   1.0037282e+03
   5.9327317e+02
   2.3061883e-01
   6.5400772e-02
   2.7464807e+02
   4.0779948e+01
   4.6504097e-02
   8.4697912e-02
   5.4150407e+01
   1.5178858e+02
   1.1124140e+02
   7.3028040e-02
   1.4198575e-01
   1.4276583e+03
   2.6228352e+02
   8.5651084e+02
   2.3915752e+02
   1.4672379e+02
   7.0706345e+01
   4.3453410e-02
   3.0351698e-02
   7.5863729e+01
   5.9223109e+01
   2.0061037e-02
   3.7843920e-02
   4.6759903e-02
   1.9685346e-01
   9.3289232e-02
   4.6280066e-02
   3.1602952e-01
   2.7084794e-02
   1.4028111e-02
   3.1417132e-02
   6.8953079e+00
   6.3188896e+02
   1.0883839e+03
   1.2811246e+03
   2.4287989e+02
   2.7139630e-01
   1.8451184e-01
   2.4473614e+03
   2.6112941e+03
   7.9673536e+02
   1.8592456e+02
   1.7841372e+02
   6.7847100e+01
   6.6974225e-02
   4.0332329e-02
   3.6102753e-02
   9.4226199e-02
   2.6997756e+01
   4.4156067e+01
   9.1551586e+01
   1.1276906e+02
   1.3783322e-01
   1.9074779e-01
   1.7191538e+02
   2.1724884e+02
   1.1300743e+02
   2.2870379e+03
   2.1114196e+03
   1.1983193e+03
   6.9122281e-02
   6.9983692e-02
   1.5160253e+01
   4.0152284e+01
   2.6191561e-02
   1.4281120e-01
   1.0594170e+02
   1.2316876e+02
   4.9463593e+01
   3.0771535e+02
   3.3882034e+02
   4.5417291e+02
   7.0828008e+02
   2.0533798e+03
   4.7371524e+01
   5.1598345e+01
   1.0319676e+02
   1.1839064e+02
   8.9580325e+01
   4.0496087e+01
   1.4477894e-01
   3.6506823e-02
   4.4757886e-02
   7.8190607e-02
   1.1652185e-01
   1.0569274e-01
   1.0563324e-01
   5.6209377e-02
   4.1687593e-02
   2.6237400e-01
   3.6390639e-01
   2.0027728e+02
   6.3126984e-02
   6.8199814e+02
   6.5996483e+03
   1.9417457e+03
   7.2762195e+02
   1.2815427e+03
   2.0963577e+03
   2.6991956e+03
   7.0327504e+01
   1.2115233e+02
   1.1709349e+02
   4.3943274e-02
   1.6004135e-02
   3.3255824e-02
   6.1568591e-02
   7.7914866e-02
   4.2032713e-01
   7.7432582e+01
   8.9590693e-02
   5.5957933e+02
   1.2443761e+02
   5.1441338e-02
   1.2277023e-01
   2.3228652e+02
   2.4993520e+02
   6.8247700e-02
   1.1384007e+03
   4.2854331e+03
   1.8820568e+03
   2.8278113e-02
   1.4356295e-02
   6.6642334e+01
   4.9422619e+01
   2.1525839e-01
   4.0836725e-01
   6.3867609e+02
   3.6833568e+02
   2.1856374e+02
   7.0956970e+02
   1.8173692e+03
   4.7222355e+03
   2.3989204e+03
   1.2102888e+02
   2.2756717e+01
   5.2873711e+01
   4.3806027e+01
   7.0047738e+01
   9.6362560e+01
   5.1419213e-01
   5.5386045e-02
   3.2341438e-02
   6.2120236e-02
   1.5732624e-01
   4.1594967e-02
   2.7137062e-01
   5.7792966e-02
   3.9006166e-02
   9.5893585e-02
   8.5481447e+02
   1.5637667e-01
   2.3356646e-01
   2.5094452e+02
   1.7961436e+03
   1.6903488e+03
   3.3021526e+03
   1.8578798e+03
   2.3278122e+03
   3.0311126e+03
   8.7969196e+01
   9.3385138e+01
   3.2730285e-01
   3.7381986e-02
   1.4413966e-01
   2.5315492e-02
   8.5778927e-02
   8.6285879e-02
   1.6903246e-02
   1.8799077e-02
   2.3766677e-02
   1.4716943e-02
   6.2436784e-02
   1.7727198e-01
   2.2083515e-01
   1.3880693e-01
   2.8607194e-01
   8.2804864e-02
   7.9138376e-02
   2.9586853e+03
   1.1237774e+04
   4.6560564e+03
   5.8066818e-03
   3.5671373e+01
   7.0721299e+01
   9.6141516e-02
   4.0476458e+01
   1.2991935e+02
   7.7264819e+02
   6.8761156e+02
   8.3532609e+02
   1.2265095e+03
   5.8698788e+02
   1.2274782e+03
   9.1921071e+00
   5.4469055e-02
   6.6152510e+01
   5.0164900e+01
   1.1422577e+02
   6.1642892e+01
   2.2272968e+01
   2.3023622e-02
   4.1146977e-02
   8.6936867e-02
   4.0241251e-02
   8.8068267e-02
   2.2148097e-01
   1.8443066e-01
   1.8616759e-01
   1.4410780e-01
   1.2364182e+03
   9.7599097e-02
   4.8625055e-01
   1.5044813e+02
   7.5823356e+02
   1.6317016e+03
   4.5091580e+03
   5.1311429e+03
   6.0197288e+03
   3.5573194e-01
   2.3793705e-01
   3.4107062e-01
   3.9603836e-02
   7.1982260e-02
   2.7384423e+02
   3.6299478e+02
   6.6451680e-02
   5.6719561e-02
   5.2576091e-02
   2.7410813e-02
   2.2357957e-01
   1.1248339e-01
   2.3454453e-01
   1.5200515e-01
   1.6194998e-01
   2.0998368e-01
   2.3545938e-01
   8.6488937e-02
   8.3255937e-02
   8.7246422e-02
   2.3805004e+03
   3.4225807e+03
   2.3551960e-02
   1.3727456e-02
   3.6585101e+01
   2.0953047e+02
   2.3464373e-01
   9.0031606e-02
   8.5547963e-02
   1.7720882e-01
   2.2952851e-02
   4.0900233e-01
   1.5945470e-01
   9.6784016e+02
   1.2364134e-01
   1.0641314e-01
   4.4765023e-02
   1.9438044e+02
   5.0937423e+02
   5.5801431e+02
   2.1442692e+02
   9.9918760e-02
   8.7345765e-03
   1.2829296e-01
   6.7887934e-02
   2.3437198e-01
   4.5067124e-01
   2.2087294e-01
   2.8937291e-01
   2.0969658e-01
   7.6381276e+01
   1.7113297e+02
   3.1411951e+02
   1.7823274e+02
   9.5992202e+02
   7.4369947e+02
   3.1389075e+02
   2.3532327e+02
   5.3909584e-02
   2.6254684e-01
   4.3572782e-01
   2.1130057e-01
   2.1442348e-01
   6.0914917e+02
   1.0989880e+03
   8.2342918e-02
   7.9121445e-02
   8.1810525e-02
   8.4242353e-02
   1.4902127e-01
   3.0847167e-01
   2.0628633e-01
   6.3730098e-01
   2.5231809e-01
   5.3637051e-02
   1.3279071e-01
   1.2510440e-01
   5.4313582e-02
   3.0603305e-02
   2.9326130e-02
   4.3742926e+02
   9.3014476e+02
   6.3342282e-02
   1.0212772e-01
   1.0680671e-01
   4.8442993e+01
   7.1596092e-02
   1.9056394e-02
   7.4906598e-02
   7.2869106e-02
   1.1190251e-01
   6.0434707e-02
   3.1222404e-01
   1.2705783e-01
   1.8726117e-02
   9.5999867e-02
   1.1253437e-01
   1.2712987e+02
   3.4173304e+02
   3.1101598e+02
   1.4908170e+02
   2.8101750e-02
   2.6456075e-02
   2.6007263e-02
   6.3487452e-02
   4.5122211e-03
   5.4359181e-02
   1.3928316e-01
   1.7277366e-01
   5.2824604e-02
   1.9579795e+02
   8.0497472e+01
   7.9006706e-02
   2.3573193e+02
   2.7168472e-01
   3.7118905e+01
   2.8378364e+01
   8.0234751e-02
   6.6129326e-02
   1.6258079e-01
   8.4466528e-02
   1.5385709e+03
   1.1020253e+03
   1.2695703e+03
   1.0884650e-01
   4.3014674e-02
   2.1163290e-02
   8.7513839e-02
   1.9972750e-01
   6.1008082e-01
   2.7373074e-01
   2.1295489e-01
   6.5123981e-02
   1.1557147e-01
   2.8094355e-01
   1.4477350e-01
   7.6127350e-02
   4.4319066e-02
   3.3407633e-02
   8.2575945e-03
   8.7461637e-03
   3.7878719e+02
   2.3048187e-02
   3.8375971e-02
   1.3766051e-01
   7.1780594e-02
   3.6217599e-02
   7.3158234e-03
   9.5228497e-02
   1.4589467e-01
   1.0790069e-01
   1.6156037e-01
   6.0916191e-01
   7.3920813e+01
   1.0644360e-01
   8.8606622e-02
   3.4045771e-01
   4.4700959e+01
   1.4071900e+02
   1.1784109e+02
   1.5191253e+01
   1.4292613e-01
   7.6970618e-02
   1.9107001e-02
   5.6100834e-03
   6.2469345e-02
   2.0205723e-01
   7.7944829e-02
   1.4272531e+02
   8.0780992e+01
   1.6088902e+02
   6.7194316e+01
   1.2001699e-01
   1.6273115e+03
   5.2010802e-02
   8.6733155e-02
   4.4979728e-02
   4.0686169e-01
   4.6889288e-02
   2.1120372e-01
   5.4979168e-02
   1.9600843e+03
   1.8926406e+03
   2.0055663e+03
   1.7947931e-01
   6.5617462e-02
   1.3054244e-01
   5.4268043e-02
   8.5486135e-02
   6.6861364e-02
   2.2359560e-01
   1.7940340e-01
   4.4843147e-02
   2.0926826e-01
   1.1768492e+00
   1.9052720e-01
   1.8139388e-01
   7.1662869e-02
   1.8405142e-02
   7.1474193e-03
   3.9737586e-03
   1.6681428e-02
   5.7654729e-03
   1.9240704e-02
   3.4571900e-02
   2.0888848e-01
   5.4868568e-02
   6.0110818e-02
   4.2559223e-02
   4.1944244e-02
   1.0575481e-01
   3.7482982e-01
   2.6950920e-01
   1.5354558e+02
   7.9109942e-02
   3.2341522e-02
   2.2507434e-01
   1.5087952e+02
   3.2788400e+02
   1.8339434e-01
   1.2030781e+01
   6.5956687e-02
   1.4394875e-01
   5.1510669e-02
   2.7678979e-02
   4.4380655e-02
   1.6906509e-01
   1.2544960e-01
   5.8223049e+01
   1.2271220e+02
   4.0315914e-02
   2.7771509e-02
   2.5436679e+02
   4.8537696e+02
   8.9327654e-02
   6.9749597e-02
   2.6718460e-02
   5.9969288e-02
   2.5110184e-01
   1.4670324e-01
   2.2112444e-01
   4.4811372e-02
   2.0633413e-01
   6.1075121e-02
   1.7148443e-01
   2.3252523e-01
   2.6177739e-01
   1.7425805e-01
   9.3636080e-02
   1.0113699e-01
   4.6945724e-02
   1.5887078e-01
   3.6162056e-02
   1.1778184e-01
   2.3403163e-01
   1.3477488e-01
   9.2172562e-02
   6.8382140e-02
   1.5034943e-02
   2.0713015e-02
   4.0955303e-02
   1.9343345e-02
   2.8244934e-02
   2.8439284e-02
   8.9924935e-02
   2.3927836e-02
   1.2086221e-01
   7.7072473e-02
   5.0539325e-01
   7.8584698e-02
   1.3081175e-01
   2.7524159e+02
   2.2023557e+02
   1.1864902e+02
   6.2103485e-02
   2.4760447e-02
   1.8155807e-01
   6.0063639e+01
   6.7759713e-02
   1.3630558e-01
   6.4309112e+02
   1.6444305e+01
   1.4024531e+01
   4.1490172e-02
   9.2964881e-02
   6.5055195e-02
   4.5905690e-02
   5.2693900e-02
   2.0069031e+02
   1.0681127e+02
   5.6640772e-02
   3.5828828e-02
   3.4159139e+02
   8.4113903e+01
   2.7280727e-02
   4.0111939e-02
   7.4040690e-02
   6.4713187e-02
   5.7682297e+01
   6.2618809e-02
   9.2778250e-02
   6.1668449e-02
   5.7683350e-01
   1.0804445e-01
   3.2653087e-02
   1.3761830e-01
   8.2043834e-02
   1.5884662e-01
   1.0255666e-01
   1.3872568e-01
   1.6472633e-01
   1.1554403e-01
   1.5797059e-01
   2.9666163e-01
   1.3807679e-01
   5.9241801e-01
   6.7619997e-01
   2.4268963e-02
   1.1816975e-01
   5.3706466e-02
   4.8114309e-02
   6.3805716e-03
   1.0334083e-02
   1.9081650e-02
   3.9929782e-02
   1.6717950e-01
   4.5164506e-01
   1.2682457e-01
   2.4238648e-01
   2.1416670e-01
   5.8037147e-01
   1.3615432e-01
   2.0758281e-01
   1.6670841e-01
   2.3710228e-02
   2.5439821e-02
   7.5354648e-02
   9.9619269e-02
   1.9850300e+02
   6.1849875e+02
   9.4743490e+02
   9.0120687e+01
   1.5350693e+02
   1.5303790e+02
   7.8053396e-02
   3.2410931e-01
   4.6097790e-02
   8.0305593e-02
   3.0520226e-01
   1.5999018e+01
   4.2784580e-01
   1.9433624e-01
   1.7586014e+02
   1.5616874e+02
   1.4169796e-02
   2.5444187e-02
   1.0951962e-01
   6.2983895e-02
   2.5640383e+01
   2.9664005e+01
   5.7518909e-02
   1.9312962e-01
   7.0520161e-01
   4.4097075e-01
   8.2115198e-02
   1.5416981e-01
   2.3642737e-01
   1.3217638e-01
   1.1936070e-01
   1.0919333e-01
   1.0565852e-01
   6.3205809e-02
   1.5446651e-01
   1.7781236e-01
   2.0275338e-01
   4.7010689e-02
   8.7466693e-02
   7.4890813e-02
   1.7189743e-01
   1.4676124e-01
   8.2663119e-02
   2.8339581e-02
   4.2169751e-02
   1.0165150e-01
   4.0161082e-02
   8.2532439e-02
   1.0558772e-01
   6.9411397e-02
   2.1145857e-01
   2.6441936e-01
   4.2377450e-01
   1.6476810e-01
   3.2724794e-01
   7.1265851e-02
   1.9151237e-01
   5.0532829e-02
   7.6456769e-02
   6.6167093e+02
   1.7796050e+03
   5.4347810e+02
   2.7012759e+02
   7.0076517e-01
   4.8380205e+02
   3.2382579e+02
   8.8423692e-02
   4.3890550e-02
   1.7613727e-01
   1.0144301e-01
   5.9095550e-01
   4.1030698e+01
   2.0572477e-01
   5.1387958e-01
   1.2622715e-01
   4.4041526e-02
   3.7611942e-02
   2.3744276e-02
   1.5732388e-02
   2.2522739e-02
   1.8882823e+01
   5.8487043e+01
   2.2371360e+02
   2.0655651e+02
   1.7748188e-01
   3.5587013e-01
   2.3870238e-01
   2.5957857e-01
   1.5777686e-01
   1.6459502e-02
   1.1450095e-01
   8.6688342e-02
   5.0969292e-02
   3.8350620e-02
   7.0146314e-02
   1.9657464e-01
   1.0227174e-01
   4.6710868e-02
   1.3287827e-01
   4.7950374e-01
   3.4134679e-01
   8.5849626e-02
   1.5201884e-02
   1.4478434e-02
   4.4918452e-02
   5.2101820e-02
   1.0494539e-01
   1.6593960e-01
   3.4340612e-02
   6.8275073e-02
   4.3392499e-02
   7.3556487e-02
   3.7951491e-01
   1.9929871e-01
   1.8449189e-01
   1.1951887e-01
   2.3145669e-01
   7.7173819e-02
   1.0769879e-01
   1.0378736e+03
   6.3908035e+02
   2.9793570e+02
   2.3927800e-02
   3.8874520e-02
   2.2865402e-01
   7.3697422e-02
   6.8256529e-02
   7.0293841e-02
   5.0704766e-02
   2.7711572e-01
   2.1876217e-01
   3.0895579e+02
   4.2551163e-01
   7.1485684e-02
   9.4831381e-01
   5.1449129e-02
   4.7453066e-02
   2.2858882e-02
   8.2100222e-02
   9.2759490e-02
   3.5348956e-02
   2.0764043e+01
   5.2507116e+01
   1.9632076e+02
   7.4375263e+02
   2.6111351e+02
   4.0152434e-02
   3.7482546e-02
   6.9702762e-02
   2.1654724e-01
   7.0646795e-02
   5.4263557e-02
   3.7144310e-02
   3.6476016e-01
   7.9621115e-02
   2.4789058e-01
   6.9020162e-02
   5.7422895e-02
   5.4128415e-02
   9.8942048e-02
   9.9243039e-02
   1.3701417e-01
   2.2910179e-02
   4.1083331e-02
   1.3913529e-01
   4.5020187e-02
   4.8352998e-02
   1.0063470e-01
   1.5343245e-01
   6.0390026e-02
   5.3976024e-02
   7.4704170e-02
   5.5292873e-02
   1.4424949e-02
   3.1994662e-02
   3.1573163e-02
   2.0074804e-01
   5.4254022e-01
   2.1065211e-01
   1.9257863e+02
   3.2265334e+02
   5.1426920e-02
   7.7094388e-02
   4.3009558e-02
   6.7710593e-02
   1.1854787e-02
   6.3320727e-02
   9.1305406e-02
   5.6658175e+02
   7.7145590e+02
   4.8933785e+02
   1.3901370e+03
   4.5464813e-02
   1.7313757e-01
   5.6147732e-01
   1.2977432e-01
   1.7239697e-01
   3.3505849e-02
   2.8826033e-02
   5.0903637e-02
   1.2958910e-01
   1.5915923e-01
   1.1818651e+02
   1.2672959e-01
   7.3567144e-02
   1.1120239e+03
   2.6391704e-02
   8.4048742e-02
   4.8654355e-02
   2.0023421e-02
   6.6242163e-02
   5.3568991e-02
   9.2118602e-02
   1.1423936e-01
   3.2609858e-01
   4.1272055e-02
   5.7331043e-02
   1.7709173e-02
   2.8639451e-02
   8.0824702e-02
   1.9767639e-01
   1.1089856e-01
   7.8346926e-02
   1.4420136e-01
   8.4169370e-02
   1.3752017e-01
   1.2374037e-01
   1.2220860e-01
   1.1782975e-01
   2.1472641e-02
   8.5902092e-02
   9.7353985e-02
   7.5686982e-02
   5.4163998e-03
   1.5469313e-02
   5.0535744e-02
   1.7357361e-01
   8.1848663e-02
   9.2950127e-02
   5.1216281e+01
   6.6389702e-02
   9.9019158e-02
   2.9311022e-02
   7.1211724e-02
   7.6811612e-02
   1.3277762e-01
   3.0012773e-02
   3.9775130e-02
   1.7873996e-01
   4.4248619e+03
   1.8881805e+03
   1.8004513e+03
   4.3465723e-02
   8.3499466e-02
   1.5418118e-01
   2.2164573e-01
   3.9682553e-01
   1.7288081e-01
   9.4499692e-02
   4.7809492e-02
   4.5431875e-01
   1.3412884e+02
   1.7376216e+02
   9.4981220e-02
   7.8321563e-02
   9.1737658e-02
   4.8897134e-02
   4.2728425e-02
   2.0049462e-02
   1.1599635e-02
   1.1684218e-02
   3.4914514e-02
   8.0100868e-02
   3.9992024e-02
   2.9860226e-02
   9.1075377e-03
   2.9959976e-02
   9.5067704e-02
   9.7373069e-02
   3.7960230e-02
   4.6283611e-02
   8.8856598e-02
   1.9373681e-02
   6.5396478e-02
   2.1039930e-01
   1.4038080e-01
   2.1184079e-01
   2.2148339e-02
   4.9353095e-02
   2.8901122e-02
   5.3626879e-02
   1.8049947e-01
   1.6376047e-01
   7.9469876e-02
   4.4689341e-02
   3.3134315e-02
   2.4519878e-01
   1.5783848e-01
   5.8686163e-02
   7.3298432e-02
   6.6812268e-03
   1.1548327e-02
   7.3217477e-02
   8.4350860e-02
   1.0751563e-01
   7.3573082e-02
   6.3461531e-02
   4.7256443e-02
   1.7413550e-02
   1.1167651e-01
   3.9364828e+02
   2.0551108e-01
   5.5406934e-02
   1.0321736e-01
   1.6651227e-01
   9.0923945e-01
   1.5965975e-01
   8.9322803e-02
   4.4123338e-02
   4.5939606e-02
   7.2709860e-02
   3.3382158e+02
   3.5544067e-02
   6.6995840e-02
   4.1028418e-02
   5.3170870e-02
   1.2118049e-01
   6.0450493e-02
   4.5902703e-02
   2.6878108e-02
   3.2350956e-02
   9.9916319e-02
   9.3892222e-02
   1.0624660e-01
   1.6908236e-01
   2.1214251e-01
   1.6331412e-01
   4.9949601e-02
   7.3148740e-02
   2.2162174e-01
   3.2615374e-02
   3.1095515e-02
   5.0403349e-02
   1.0815011e-01
   9.5778913e-02
   9.9128642e-02
   3.3141584e-02
   3.2223725e-02
   4.5320867e-02
   2.5990572e-02
   1.0786411e-01
   1.0982594e-01
   4.5431407e-02
   2.4022044e-01
   8.1906443e-02
   1.4518192e-02
   1.2951487e-01
   1.1263352e-01
   9.1632588e-02
   6.4454635e-02
   4.1029906e-02
   7.1053576e-02
   5.0182077e-02
   1.3563873e-01
   6.7039879e-02
   3.8820297e-02
   1.4619251e-01
   9.5355680e-02
   5.2870965e-02
   1.2296124e-01
   1.8139654e-01
   1.2068256e-01
   5.0381710e-02
   8.5991419e-02
   1.0334011e-01
   1.2302289e-01
   2.1729851e-02
   3.2467350e-02
   2.1330230e-02
   4.6216445e-02
   9.6142014e-03
   5.7336231e-02
   4.9655951e-02
   4.8977459e-02
   6.3554870e-02
   7.9976624e-02
   3.9340773e-02
   1.1182511e-01
   5.0122905e-02
   2.0269163e-02
   3.4563989e-02
   2.3017045e-01
   1.5126844e-01
   2.2319658e-01
   5.3813626e-01
   1.3561192e-01
   1.9694156e-01
   2.7519231e-01
   1.9959256e-01
   9.9378799e-02
   1.1212324e-01
   1.9213299e-01
   4.7071360e-02
   3.4348631e-02
   2.2805019e-01
   6.4201516e-02
   4.4627087e-02
   8.9007417e-02
   1.6218102e-02
   1.6897476e-02
   1.6028011e-02
   1.7000879e-02
   2.3470516e-01
   7.8018695e-02
   9.9833734e-02
   6.7587002e-02
   2.1436440e-02
   1.1549974e-01
   6.2874746e-02
   1.1668830e-01
   2.1749981e-01
   9.0455330e-02
   3.9940256e-01
   4.5697989e-01
   3.0551559e-01
   2.1910647e-01
   1.6718484e-01
   8.9559884e-02
   1.2287608e-01
   4.5716978e-02
   4.5101286e-02
   6.9599239e-02
   2.3496211e-01
   7.2772550e-01
   4.7432104e-02
   1.4574243e-01
   1.1212032e-01
   2.4908591e-02
   4.3363639e-02
   1.0722574e-01
   1.4349716e-02
   1.5319003e-02
   6.0519980e-02
   1.0977326e-01
   8.1906479e-02
   2.6369327e-02
   1.6367196e-01
   8.5070741e-02
   2.0661039e-01
   8.8222061e-02
   2.3155083e-01
   2.6646796e-02
   1.8363161e-01
   7.2252496e-02
   8.0428410e-02
   2.9738616e-01
   8.6166733e-01
   1.0203333e-01
   9.1700648e-02
   1.1078186e-01
   2.2069710e-01
   2.0882834e-02
   3.0906114e-02
   3.6229258e-02
   1.1617199e-01
   5.1952260e-02
   1.3626592e-01
   7.1873633e-02
   1.1147709e-01
   5.6149540e-02
   1.8653799e-02
   6.2147416e-02
   5.2711839e-02
   5.5842923e-02
   1.6612715e-02
   3.9345877e-02
