   3.4496433e+02
   1.8539596e+02
   2.2978482e+02
   1.5746734e+02
   8.4400708e+01
   1.5691991e+02
   6.6823458e+01
   6.0160955e+01
   9.7601334e-02
   8.0279360e-02
   5.9146706e-02
   4.3577738e-02
   2.9671586e-02
   1.7855599e+02
   3.2333336e+02
   1.4740428e+01
   2.0011450e+02
   2.2937554e+02
   5.5079160e+01
   1.7258938e+02
   9.7409189e+02
   4.7177261e+02
   1.8239643e+01
   3.3487423e-01
   1.0290975e-01
   7.4448401e-02
   2.4526139e-01
   1.2004759e-01
   2.4362268e+01
   2.5886608e+01
   1.7182349e+01
   8.0446397e-02
   3.8788165e+02
   7.4611762e+02
   1.4669383e+03
   1.2428676e-01
   2.1406946e-01
   1.7623382e-01
   4.3508971e-01
   1.9371539e-02
   7.2123945e-02
   7.2457005e-02
   4.8148273e-02
   6.6914945e-02
   5.0133839e-02
   2.7268871e-01
   1.3016984e-01
   6.8042369e-02
   5.2874557e-02
   1.6736269e-02
   1.7745314e-02
   4.9808227e+00
   7.7120166e+00
   4.0968582e+00
   3.3115267e-01
   5.6063604e+01
   6.7676133e+01
   8.9367992e+01
   4.1174928e+01
   7.1634799e+00
   1.7396230e+02
   4.0837112e+02
   1.8500994e+03
   1.1981116e+03
   3.7916467e+02
   3.9166667e+02
   2.9494887e+02
   2.1243905e+02
   1.0548036e+01
   1.1595170e+01
   7.9276349e-02
   4.9812198e-02
   4.1846551e-02
   1.8459315e+02
   1.4284007e+02
   4.2362803e+01
   1.3917504e+02
   1.1679841e-01
   1.6617537e+02
   8.7625615e-02
   1.7032112e+02
   1.4223348e-01
   2.3038885e-01
   1.3569317e-01
   1.3239585e-01
   2.8955351e-01
   5.9928269e-01
   3.4374876e-01
   2.6716300e+02
   3.0398566e+02
   5.3131052e+02
   1.2805837e+03
   3.7028305e+03
   8.8088155e+03
   3.5804756e+03
   3.2666812e+03
   2.3077015e-01
   1.9705811e-01
   6.4078021e-02
   2.8744317e-02
   7.8221243e-02
   1.6186886e+02
   1.1766372e+02
   2.8566058e+01
   6.6913518e-02
   2.0289467e-01
   6.4754576e-02
   1.0965535e-01
   4.5383109e-02
   2.7775065e-02
   2.8299134e-02
   1.4732318e+01
   1.0356488e+01
   7.3720297e+00
   5.2842556e+00
   7.1002320e+00
   2.1652243e+01
   1.4183543e+01
   3.7789085e+01
   3.1468709e+01
   6.7178625e+01
   2.8349469e+01
   4.0263808e-02
   2.1735704e-02
   1.4120641e-02
   4.6459938e-02
   2.2763486e-01
   5.5349952e-02
   8.3455041e+00
   1.4463866e+01
   2.6218351e+01
   7.9776360e+01
   5.5284567e+02
   7.6982118e+02
   1.5230199e+03
   2.9280915e+02
   2.5603229e-02
   9.0737465e-02
   1.1370026e-01
   3.1745231e-02
   1.0115809e-01
   2.5293067e-01
   6.8289683e-02
   7.5668210e-02
   1.2435092e-01
   2.4833159e-01
   1.3559919e-01
   4.0697919e+02
   9.0102154e+02
   3.1022948e+02
   2.5830675e+02
   1.9240021e+03
   1.9932171e+03
   4.0242211e+03
   2.4880137e+03
   2.1063658e+03
   7.8337322e+02
   1.0821054e-01
   1.0224220e-01
   3.2425307e-02
   1.0793756e-02
   9.1769578e+01
   1.0512931e+02
   1.0994931e+02
   3.5245440e+01
   2.8897961e-01
   6.1561393e-02
   5.0763284e-02
   5.3196947e-02
   5.6377673e-02
   1.6124432e+03
   2.1421864e+03
   4.3741284e+01
   6.3565687e+01
   4.0553115e+01
   5.8055747e+01
   4.1524729e+01
   3.9228223e+01
   6.9649866e+01
   1.5922312e+02
   8.7156594e+01
   5.6530941e+01
   3.7991185e+01
   5.5923854e-02
   2.2472213e-01
   2.8364637e-01
   3.2750726e-01
   5.7735114e-02
   4.4076012e+01
   1.4350892e+02
   2.6467868e+02
   2.5125795e+02
   1.3390640e+03
   3.0574598e+03
   4.3579358e+03
   1.9336076e-02
   9.8006760e-03
   2.2406406e-02
   2.1283583e-01
   9.3867476e-02
   3.7863793e-01
   2.6028913e-01
   3.5546148e-02
   3.2511401e-02
   4.0861370e-02
   5.0187918e-02
   2.1358377e-02
   1.2271921e+02
   2.8142698e+02
   6.2587975e+01
   6.7102201e+01
   4.3515003e+02
   9.6283350e+02
   1.5091023e+03
   6.3109513e+02
   3.0321708e+00
   6.2582291e+02
   3.2626985e-02
   5.2667895e-02
   2.0585658e+02
   3.4531889e+02
   6.2029655e-02
   1.5094999e-01
   4.5020925e-02
   2.3074152e+02
   3.2223924e-01
   3.6163837e-01
   5.8174539e-02
   1.8056069e-02
   6.0259812e+02
   1.1397428e+03
   7.3540420e+02
   7.2054879e+01
   3.1846717e+01
   2.7891050e+01
   3.7743577e+01
   7.4514147e+01
   5.7566163e+01
   2.6108290e+01
   3.6022301e+01
   1.5221748e+02
   1.1660118e+02
   2.1795141e+02
   2.2827514e+02
   1.2880514e-01
   1.8333947e-01
   1.3226331e-01
   3.4730930e-02
   3.4099998e-02
   4.5235089e+01
   2.3238611e+02
   2.3031715e+02
   3.5330487e+02
   4.9350945e+02
   1.5113382e+02
   6.3655106e-02
   1.5314673e-02
   8.0687215e-02
   1.4126414e-01
   8.3869452e-02
   1.1226689e-01
   5.0356298e-02
   1.7837832e-02
   8.9627716e-02
   4.7564526e-01
   1.6928678e-01
   1.2714536e+02
   3.6760095e+02
   1.0120925e+02
   1.1264862e+02
   6.3868506e+01
   1.0177518e+02
   4.7166574e+02
   2.2611672e+02
   4.9296642e+00
   3.5835773e+00
   8.7210342e+00
   1.2292424e+01
   2.6678218e-01
   3.9170932e+02
   2.3191554e+02
   5.8464285e-02
   1.0410704e-01
   7.9581202e-02
   2.0167271e-02
   6.8702217e+01
   3.6058594e+02
   2.2709439e+02
   6.6188758e+02
   2.5266377e+02
   2.9758522e+03
   1.6626419e+02
   1.2427257e+02
   1.6341177e+02
   1.2291089e+02
   1.6845768e+01
   2.4723156e+01
   1.2280021e+01
   5.6171404e+02
   6.2374508e+02
   1.2939494e+02
   6.1534166e+01
   1.3166970e+01
   1.2504674e+02
   2.9926786e-02
   1.0098397e-01
   2.8750027e-02
   7.3341938e-02
   3.2588038e-02
   3.0383416e+01
   4.5070149e+01
   9.1888785e+01
   9.6617860e+01
   1.2378209e+02
   1.0234997e-01
   2.6695273e-01
   1.0951971e-01
   2.1922845e-01
   1.3643818e-01
   5.4064949e-02
   3.2962378e-02
   2.0645729e-02
   1.5326475e-01
   2.8036689e+02
   4.5781442e-01
   3.4828504e-02
   1.8252043e+02
   2.3859926e+02
   1.7167676e+02
   7.0126728e+01
   1.7191918e+02
   1.4066094e+02
   5.4910790e+01
   2.6187610e+02
   6.2651429e-02
   1.9669547e-01
   1.5899920e+01
   1.3252018e+01
   1.3116410e+03
   1.8606939e+03
   9.9169354e+02
   7.2989032e-02
   4.6206333e-02
   2.6249901e-01
   6.1416758e-02
   1.0508727e+02
   1.5438882e+02
   8.6218198e+02
   9.6459035e+02
   4.6782388e+02
   1.4096541e+02
   2.8346067e+02
   2.4332475e+02
   1.2668005e+02
   7.5686065e+01
   1.1206367e+02
   2.4909368e+02
   2.4672670e+02
   3.1125040e+02
   9.0044801e+02
   3.1493672e-02
   7.0684315e-02
   8.8975679e-01
   1.3118821e+02
   6.4975655e+02
   5.2657423e+02
   4.2847481e-02
   1.6118340e-02
   8.5112916e-02
   4.7243405e-02
   1.7539130e-01
   8.3884700e+00
   1.5925315e+01
   7.6229471e-01
   5.1333425e-02
   6.9072532e-02
   1.3476944e-01
   3.0335780e-02
   3.7940684e-02
   4.3735910e-02
   2.4427236e-01
   7.1670599e-02
   8.6763551e-02
   2.7681260e+02
   5.0785328e+02
   1.4375079e-01
   4.8146206e+01
   8.8440730e+01
   3.5947407e+02
   7.1197006e+02
   3.1242240e+02
   2.0428513e+02
   1.6909666e+02
   5.3259901e+01
   6.4840797e+01
   7.1156823e-02
   9.3285202e-02
   1.3043918e+02
   8.9682821e+02
   7.4178132e+02
   4.0965517e+02
   9.8833060e+00
   4.6250775e+01
   2.8933125e+01
   7.9845360e+01
   1.3416108e+02
   1.7321730e+02
   3.5263967e+02
   4.4866377e+02
   1.1815143e+02
   5.8789340e+02
   8.5308437e+02
   1.8168757e+02
   1.2359138e+02
   3.2842383e+02
   3.7214355e+02
   5.7385049e+02
   1.4451763e+02
   1.3183320e+02
   3.8034019e+02
   2.2743940e-02
   1.0348417e-01
   4.1266637e+02
   6.1743925e+02
   6.6372985e+02
   2.6080217e+02
   6.4932342e+02
   3.4944581e+02
   2.4940858e+02
   1.5984464e+03
   3.6838368e+02
   5.7721616e-01
   3.3283289e-01
   2.4685157e-01
   4.9182010e-01
   1.1476093e-01
   9.3569856e-02
   1.8178727e-01
   4.9096647e-02
   1.3269040e+02
   2.5490483e+02
   3.6243844e-01
   7.4467450e-01
   1.4979600e+02
   2.5097669e+02
   2.2978082e+02
   1.2666702e+02
   9.2808897e+01
   6.9104197e+01
   5.2644255e+02
   7.1020660e+01
   1.4847175e+02
   2.4405808e+02
   4.2257282e+02
   7.8057439e+01
   1.4934196e-01
   2.3540351e-01
   1.1817525e-01
   2.8914056e+03
   1.7738716e+03
   4.3343465e+02
   1.1806489e+01
   1.1984180e+01
   3.5012582e+01
   1.9830331e+01
   9.4614101e+01
   2.5028098e+02
   1.7298396e+02
   5.4240181e+02
   4.4452981e+02
   6.9989557e+02
   4.1025585e+02
   3.3044181e+02
   3.2149456e+02
   1.3377140e+02
   1.0199501e+02
   7.7531975e+01
   5.4167760e+01
   2.2033306e+01
   1.8936333e+01
   1.2156180e+02
   1.9101874e+02
   6.6783221e+02
   8.3547463e+02
   6.5499869e+02
   1.0953540e-01
   4.8218923e+01
   1.6575211e+02
   3.1099807e+02
   1.1458298e+02
   1.2001400e+02
   6.7066622e+01
   2.7448814e-01
   3.8459223e-01
   2.1202303e-01
   1.5342934e-01
   2.0348081e-01
   1.1763793e-01
   2.5918513e+02
   1.9304075e+02
   5.3103375e+01
   4.6839722e-01
   5.0955206e-01
   8.4047543e+01
   2.8221446e+02
   1.7975018e+02
   2.3630150e+02
   2.8969718e+02
   1.0815145e+02
   6.2315175e+01
   3.9967263e+01
   1.3644168e+02
   7.4998495e+01
   1.2035040e+02
   9.6597962e+01
   3.2008083e+01
   1.5216315e-01
   4.1941462e+01
   1.3935901e+02
   4.6805445e+02
   2.6953308e+02
   8.3194184e+01
   8.0223022e+01
   4.2941536e+01
   1.1962686e+01
   8.0857914e+01
   3.3816807e+02
   4.8469927e+02
   8.7691862e+01
   1.1499137e+02
   4.4364701e+02
   4.9263564e+02
   1.7482231e+02
   7.6772213e+01
   7.3786644e+01
   4.6101906e+01
   1.3082238e+02
   4.0171783e+01
   2.7693836e+01
   2.0443758e+01
   6.1696154e+02
   1.4279638e+03
   3.1179852e+03
   2.8602095e+03
   6.7714836e+01
   1.4501330e+02
   6.6064185e+01
   2.6876528e+01
   1.0687477e+02
   1.5107438e+02
   1.1883596e+02
   9.3625866e+01
   7.5307347e+01
   2.5355395e-01
   1.3225136e+02
   8.0689942e+01
   2.1904776e-01
   7.5906671e-02
   8.2352587e+02
   6.7586522e+02
   3.0075364e+02
   7.0469370e-02
   1.7578633e+01
   4.5604308e+01
   9.1279858e+01
   1.8602750e+02
   2.2206308e+02
   1.2670354e+02
   4.4630282e+01
   6.7880159e+01
   8.2326794e+01
   2.0825918e+02
   9.1113233e-02
   8.6752689e-02
   5.1716732e+02
   2.1764664e+02
   2.2084193e+02
   1.3883699e+02
   7.8687169e+02
   3.7979727e+02
   2.7147953e+02
   3.5373894e+01
   1.4121349e+02
   2.8930231e+02
   1.2855921e+02
   2.2428684e+02
   4.4486543e+01
   1.5385562e+02
   1.1173238e+02
   1.1386980e+02
   1.1215846e+02
   1.6965014e+02
   4.7896941e-02
   2.0024867e-01
   8.9253387e-02
   1.5569158e-01
   2.2515293e+02
   2.0743933e+02
   1.3264911e+02
   2.8217854e+01
   4.0424092e+02
   3.3508456e+02
   3.7018406e+02
   1.2828064e+02
   2.7784244e+02
   1.5939291e+02
   1.9384244e+02
   1.1833373e+02
   1.6543900e-01
   8.1096314e+01
   1.2862356e+02
   1.3967705e+02
   3.0294645e+01
   2.6617695e+02
   9.6957847e+01
   3.6073664e+01
   2.4746047e+01
   1.1438119e+02
   6.0335074e+02
   1.4925904e+03
   2.4564299e+03
   2.4756902e+01
   4.3753961e+01
   8.5885263e+01
   1.9133100e-01
   1.2742621e+02
   4.3136926e+02
   5.8971631e+02
   3.6585464e+01
   4.3838492e-02
   1.2957891e-01
   8.7034047e+03
   4.1543658e-02
   9.2754542e-02
   4.6505555e+01
   2.5566153e+02
   7.2028285e+01
   2.1779028e+02
   1.2408810e+02
   2.8600871e+02
   1.1391090e+01
   5.6203509e+01
   3.8230164e+02
   5.5202100e+02
   7.8676164e+02
   2.0780665e+02
   1.6368045e+01
   3.4959726e+01
   1.4487556e+01
   4.8304520e-02
   1.3697716e+02
   1.5934843e+02
   5.7018027e-02
   3.4157100e-02
   8.7455819e-02
   1.9088955e-02
   2.7289549e+01
   1.9573982e+02
   4.7320058e+02
   5.6623632e+02
   1.3827245e+02
   1.4074577e+02
   9.9325657e+01
   3.2387358e+01
   1.5135571e+02
   1.2448639e+02
   1.8054939e+02
   2.5817743e+02
   8.0007153e+01
   3.1103091e+01
   7.0378828e+00
   1.4041527e+01
   8.1377725e+02
   5.4088058e+02
   2.0562891e+01
   6.5255813e+00
   1.5644109e+01
   4.6742581e+01
   7.0454174e+01
   4.1468177e-01
   1.0239351e+01
   6.0339497e+01
   5.1795737e+01
   9.6504483e+00
   1.4365010e-01
   2.8191310e+02
   2.9802006e+02
   2.5367052e+02
   4.7237273e+02
   7.2186652e+02
   1.3282004e+03
   7.9513977e+02
   3.4903397e+02
   9.1172306e+02
   6.7444905e+02
   6.4443192e+02
   5.4348705e+02
   3.6080102e+02
   7.5211716e+02
   2.9717493e+02
   2.3785767e-01
   2.9161914e+02
   1.9904672e+02
   1.3380910e+02
   2.7031368e-02
   1.4596790e-01
   5.7115369e+01
   4.5296357e+01
   2.1862719e-01
   2.0153642e-01
   7.0207663e-02
   1.9910534e+02
   1.4751427e+02
   5.7675037e-02
   2.6721279e-02
   4.9868551e-02
   3.5847432e+01
   1.2953170e-01
   7.3509352e-02
   1.7268356e+02
   4.3067654e+01
   2.6081761e+01
   5.4263086e+01
   6.5273482e+01
   1.0703120e+02
   8.5972664e+01
   1.0193834e+02
   1.1092408e+02
   1.5594797e+02
   7.7787991e+01
   5.1455672e-02
   8.5823411e+01
   2.3200616e+02
   5.6938262e+00
   1.2641857e+01
   1.8539814e+01
   2.4589354e+01
   2.2720973e+01
   2.1976381e+01
   5.4229030e+00
   6.2207043e+00
   5.7967511e+01
   4.5263303e+01
   4.8401368e-02
   7.8714724e-02
   5.1609747e+01
   2.7439079e+02
   2.0715779e+03
   1.0453917e+03
   1.3661438e+03
   4.6389067e+03
   3.4531807e-01
   1.6149754e+02
   8.9962211e+01
   1.7828372e+02
   3.7380051e+02
   1.6062008e+02
   2.1808329e+01
   5.9791949e+02
   5.0054912e+02
   3.1234607e+02
   1.7218114e-01
   5.3326202e+01
   3.2737636e+02
   8.2275733e+01
   9.0114060e+01
   1.1078760e+02
   7.4336361e-02
   1.3346536e-02
   2.0407292e-02
   2.7485284e-02
   1.0329003e-02
   3.2168306e+01
   9.6850902e-02
   3.1064418e-02
   4.8307411e-02
   6.7075403e-02
   3.1464110e-02
   4.1318188e-02
   1.1808623e-01
   2.1750515e+01
   3.6767368e+01
   2.6352561e+01
   2.2298561e+01
   1.3773242e+01
   9.6614834e+00
   1.0081641e+01
   4.6112539e+01
   1.0387505e+02
   9.8543547e+01
   2.0141577e+02
   1.5988853e+02
   7.6188447e+01
   1.0776600e+01
   1.9835739e+01
   1.2035206e+01
   7.7017011e+01
   2.5984189e+01
   4.0521400e+00
   1.8500094e+00
   1.7482323e+01
   1.1957857e+02
   1.4741486e+01
   5.8385748e-02
   3.7632202e-02
   1.5836075e+02
   1.9385233e+02
   1.1118300e+02
   2.7889570e+02
   9.2658120e+02
   2.8237871e-01
   1.0237466e+02
   6.1568145e+01
   4.6289740e+01
   3.0639828e+01
   1.1370334e+02
   9.5361028e+01
   3.6455487e+02
   3.6657184e+02
   2.0891085e-01
   9.2906981e-02
   3.7680212e-01
   5.1707873e-02
   4.0233388e-02
   4.4664925e+01
   9.9736356e+01
   1.8265988e-01
   2.0860385e-02
   5.4984937e-02
   3.8249382e-02
   5.9374461e-02
   8.7178123e-02
   9.7513717e-02
   3.7473064e-02
   3.8043752e-01
   7.7365350e-02
   1.9173001e-01
   1.2205324e-02
   1.8239701e-02
   2.2728784e-02
   9.1281677e+01
   2.7684375e+02
   1.5593641e+02
   9.8550900e+01
   7.3979249e+01
   3.7711588e+02
   5.6502983e+02
   4.5859443e+02
   2.5370890e+02
   8.6109753e+01
   1.5204362e+02
   2.6955460e+02
   1.7491920e-01
   1.8072540e-01
   4.8114272e+01
   4.5410635e+01
   1.2665631e+02
   1.7244738e+02
   2.5861821e+01
   5.7167151e+01
   7.3108552e+02
   4.9691371e+01
   6.8391682e-02
   3.1830307e-01
   4.8430312e-02
   1.9075547e+02
   2.3202418e+02
   7.6026596e+02
   1.1487089e+02
   5.8007539e-02
   6.6079492e-02
   3.2257768e+02
   2.3612907e+02
   7.6064501e+01
   3.3696641e-02
   1.8736062e+01
   6.7650018e-02
   1.1324949e+02
   1.8096349e+01
   1.3246972e+00
   1.3882048e+00
   2.8188323e-01
   6.2934740e-02
   2.4654213e-02
   1.1372276e-01
   1.8469472e-01
   3.1116909e-01
   1.0373390e-01
   6.6526103e-02
   6.2857875e-02
   6.3799910e-02
   2.2567817e-01
   3.8148250e-01
   4.6686800e-02
   2.9122410e-01
   1.4024408e-01
   8.8171322e-02
   4.3369384e-02
   4.2079350e-02
   4.5133096e-02
   1.7046754e+02
   1.3672985e+02
   1.0691560e+02
   1.6350329e+02
   2.3618618e+02
   9.5930599e+02
   4.2688977e+02
   7.4034689e+02
   7.3216542e+02
   4.2976398e+02
   3.9420048e+02
   6.0925123e+02
   1.0667156e+03
   1.2791655e+03
   4.4670335e+02
   6.0413437e+02
   6.1510637e+02
   2.4224198e+02
   7.4830633e+01
   3.0814977e+02
   9.5027608e+01
   1.6526293e+01
   2.6543283e-01
   2.1460121e-01
   3.0348080e-01
   1.2879106e-01
   2.4258388e-01
   5.9945316e-02
   2.0732465e-02
   1.4282494e-01
   1.2030970e-01
   6.4123555e+01
   7.1548620e+01
   7.0592319e-03
   1.5722252e-02
   1.1709510e-02
   1.6795633e-02
   2.2923883e-02
   1.5246513e-01
   1.2160059e-01
   1.5770269e-01
   3.5372297e-01
   6.0731554e-02
   2.9803873e-02
   1.1860654e-01
   3.3535684e-01
   2.1258371e-01
   8.2701545e-02
   6.9487949e-02
   5.7047629e-01
   1.9898524e-01
   5.4257277e-02
   1.7548260e-01
   1.1315712e-01
   2.7693433e-02
   4.7479820e-02
   3.6970636e-01
   2.0271486e-01
   1.1876142e-01
   8.8344806e-02
   1.3427210e+02
   1.2420721e+02
   2.7893096e+02
   7.6092361e+02
   2.3263745e+03
   4.6252812e+02
   4.5055162e+02
   4.2961140e+02
   2.7269408e+02
   2.4629392e+02
   1.7549875e+02
   1.4162913e+02
   1.6675024e+02
   3.5457938e+02
   2.7477999e+02
   4.2731973e+02
   8.8184762e+02
   6.8740937e+02
   5.2581658e+02
   3.2269991e+02
   6.2927842e+01
   2.5524404e-02
   3.3590444e-02
   8.6951585e-02
   2.6028122e-01
   3.3000511e-01
   2.6953912e-01
   1.1002856e-01
   3.6667364e-02
   6.6017988e-02
   1.2852425e-01
   1.9701963e+01
   1.8231683e-02
   1.0551642e-02
   2.7717915e-03
   6.0712320e-03
   1.5240916e-02
   3.6093451e-02
   4.8136878e-02
   9.2841860e-02
   5.3691880e-02
   2.1383251e-01
   6.3848778e-02
   6.1897548e-03
   1.9497331e-02
   3.1766217e-02
   1.2747323e-01
   1.8496324e-01
   3.4644182e-02
   2.2237158e-01
   5.2734386e-01
   1.4922272e-01
   1.0024861e-01
   7.8057738e-02
   2.9753670e-01
   3.3144540e-01
   7.7116789e-02
   2.4359243e-02
   1.7495032e-01
   4.2208746e-02
   1.3019882e+03
   1.5607421e+03
   6.3727822e+02
   5.1382060e+02
   4.2326475e+02
   5.4265930e+02
   8.4054325e+02
   8.2844642e+01
   2.8916918e+02
   1.5305820e+02
   1.5361121e+02
   5.1830933e+01
   4.2766120e+01
   4.4439741e+01
   2.9879734e+01
   1.0031002e+02
   2.2904318e+02
   2.0927725e+02
   1.4044201e+02
   7.2098941e+01
   5.7665153e-01
   1.9251517e-02
   2.7942852e-02
   1.0898586e-02
   3.5343948e-02
   1.0137685e-01
   1.0398019e-01
   1.8809604e+02
   1.1192217e-01
   5.4088705e-02
   2.1753159e-01
   1.1378672e+01
   5.3116515e-02
   9.0360756e-02
   2.4355045e-02
   1.6245571e-02
   4.5129468e-02
   1.4793682e-01
   1.9186378e-01
   2.6114021e-01
   2.9141760e-02
   1.7849162e-01
   8.6143990e-02
   1.1284478e-02
   1.2702590e-02
   7.9720830e-03
   1.3082034e-02
   2.4019664e-02
   1.1795760e-01
   6.7446163e-02
   1.4500471e-01
   7.1373594e-01
   2.0088902e-01
   1.9461604e-01
   1.5774694e-01
   4.4916880e-02
   1.1680289e-01
   6.9392481e-02
   2.2587110e-01
   6.2934596e-02
   3.1876809e+02
   5.6103569e+02
   4.4762585e+02
   4.5311230e+02
   1.1278037e+02
   6.4495932e+02
   1.3305037e+03
   2.4480747e+02
   5.9901181e-02
   2.0097241e+01
   2.5135813e+01
   2.9633377e+01
   3.1346248e+01
   2.3239049e+01
   1.8969614e+01
   1.9619829e+01
   4.2751779e+01
   7.1685029e+01
   8.0842663e+01
   3.2034427e+01
   5.8504307e+00
   2.4376267e+00
   6.9592186e-02
   5.1697156e-02
   9.5445889e-02
   1.8209354e-01
   9.5929717e+01
   1.2470951e+02
   1.4631249e-01
   1.5574142e-01
   2.0962296e-01
   6.8431308e-02
   1.8968231e-02
   1.8371952e-02
   3.5601229e-02
   2.1320796e-02
   5.5467929e-02
   1.1495195e-01
   1.1434124e-01
   1.7068429e-01
   7.5697190e-02
   1.7164171e-01
   3.2033306e-01
   1.3033592e-02
   7.2753402e-03
   3.1668667e-02
   3.1181573e-02
   2.5382077e-02
   5.8162394e-02
   4.4262096e-02
   8.0954512e-02
   5.8168818e-02
   2.3235436e-02
   5.4547567e-01
   6.7040753e-01
   3.6043199e-01
   1.8904352e-01
   5.5214879e-01
   2.9008897e-01
   6.7529402e-02
   4.3824920e+02
   1.0708662e+03
   3.7937685e+02
   1.0392547e+02
   1.0654604e+02
   6.8449297e+01
   3.9589266e+02
   1.3715612e+03
   1.2366523e-01
   8.0651242e-02
   1.0486010e-01
   1.0535559e+01
   8.6173869e+00
   5.0982084e-01
   2.8907360e-01
   3.9358012e+02
   5.2849731e+01
   1.9662562e+02
   6.6889347e+01
   8.6341182e-02
   3.7047649e-01
   1.4087409e+01
   1.9825228e+01
   5.3783296e-01
   6.2677350e-02
   6.8281763e+01
   1.9761308e+02
   5.3562279e+02
   1.3571324e-01
   4.4426776e-02
   4.6634099e-02
   2.1249978e-02
   1.3413444e-01
   8.5663367e-02
   1.5003543e-01
   3.0057191e-01
   2.1020915e-02
   2.0668855e-02
   7.6772046e-02
   8.4985393e-01
   1.5498105e-01
   2.4030696e-01
   1.8673055e-01
   1.1133935e-01
   7.6307827e-02
   1.2535601e-02
   1.1178994e-02
   2.3677704e-02
   4.5266715e-02
   1.8824345e-02
   6.9293384e-02
   1.6393171e-01
   2.8224037e-01
   3.4583140e-01
   5.3016944e-02
   3.7410013e-01
   9.4179611e-02
   4.5182379e-01
   1.0192829e+00
   2.6073323e-01
   5.9871455e+02
   3.9278585e+02
   4.4426946e+01
   2.2690598e+01
   1.0503876e+02
   6.2986385e+01
   6.4879984e+01
   3.5377718e+01
   3.3697628e+01
   2.4733448e+01
   1.5073250e-02
   6.7621836e-02
   1.5627797e-01
   3.5013503e-02
   9.8606691e-03
   3.3319468e+02
   3.1594198e-01
   9.1749173e-02
   6.4579581e-02
   4.2462471e-02
   4.3108403e-02
   4.6907370e-03
   1.9121288e+01
   9.8795910e+01
   1.3501266e+02
   1.1587003e+02
   7.1967358e+02
   5.6405233e+02
   1.7951311e-02
   1.3077893e-01
   2.1276449e-01
   3.1619560e-02
   1.4830650e-01
   6.9698144e-02
   7.9160003e-02
   1.1154475e-01
   2.0344253e-01
   3.3413303e-01
   1.0718235e-01
   7.1611569e-01
   6.8369864e-02
   2.4643925e-01
   4.5947468e-02
   1.0500322e-02
   4.7817450e-02
   1.0866727e-02
   1.6902580e-02
   1.0201986e-01
   2.2943417e-02
   3.2257749e-02
   1.8798375e-02
   2.1379314e-02
   1.0346241e-01
   1.4936955e-01
   1.3353032e-02
   3.4191064e-02
   5.5549633e-02
   5.8108615e-01
   2.8309339e-01
   1.6684499e+02
   2.8093991e+02
   2.3198039e+02
   1.4845448e+02
   1.5012945e+02
   4.1372351e-02
   2.7316717e+01
   9.4652090e+00
   5.3883173e+02
   8.6667555e+01
   8.7706884e+01
   5.2067346e-02
   1.7523950e-01
   6.4148852e-02
   8.3665801e-02
   2.2173820e-01
   2.0688551e+02
   3.8145325e-02
   1.9379172e-01
   8.8508383e-02
   4.3354265e-02
   1.9564077e-01
   6.5795384e-02
   1.3712042e+01
   3.0926936e+01
   4.1789516e+01
   1.0624653e+02
   1.7434227e+01
   6.1296975e-02
   2.3146173e-01
   1.9649770e-02
   1.2679133e-01
   1.0259331e-01
   3.8337637e-01
   3.5549765e-01
   2.1433624e-01
   1.7328741e-01
   6.5428954e-02
   2.1977046e-01
   4.0008644e-02
   9.1400244e-02
   3.1115385e-01
   1.6491642e-01
   1.4268809e-02
   1.5891018e-01
   9.5173656e-03
   8.5246115e-02
   9.1248945e-03
   3.7695134e-02
   6.0271203e-03
   1.1656048e-02
   1.8052429e-02
   1.8517194e-02
   2.7371757e-02
   1.0541928e-01
   2.3521673e-02
   9.5409178e-02
   1.1186053e-01
   1.4350722e-01
   1.5765480e-01
   8.2601367e+01
   8.1098840e+02
   9.7852046e+02
   9.4808815e+02
   3.8030095e+01
   5.2352590e+01
   1.3368998e+02
   4.0738430e+01
   2.3181824e+03
   1.5950408e+03
   1.9850007e+01
   1.7290673e-02
   5.1355232e-02
   4.3570409e-02
   6.7388311e-02
   3.9156451e-02
   4.1326879e+02
   5.0468126e+02
   1.1269831e+02
   3.8804299e+01
   1.1081036e-01
   1.0059490e-01
   1.6627510e-01
   4.1644836e-02
   9.8904764e+01
   4.4454474e+01
   8.9421730e+01
   9.6014531e-02
   1.1144316e-02
   9.4090877e-02
   6.1909753e-02
   1.6456293e-01
   6.4555087e-02
   8.0027087e-02
   7.3146375e-01
   4.3387134e-01
   3.6001635e-01
   2.7240920e+02
   3.6181066e-01
   3.3730466e-01
   1.8178428e-01
   1.9276367e+02
   5.2960000e+01
   1.1569276e-02
   5.0812535e-02
   1.2378975e-01
   9.4608067e-02
   3.4576968e-03
   1.4188617e-02
   6.5829396e-03
   1.3720199e-02
   2.3210156e-02
   1.2731509e-02
   7.0249741e-02
   5.1957328e-02
   8.4305321e-02
   4.4648822e-02
   1.0552852e-01
   5.1780929e-02
   8.7517396e-02
   2.7691187e+02
   1.4141114e+03
   4.2304255e+02
   1.2669051e-01
   2.9931278e-01
   6.5257236e+01
   3.0702896e+01
   3.3582562e+02
   2.3533018e+01
   4.8356567e-02
   7.8402625e-02
   2.1640284e-02
   1.1115384e-01
   6.6834681e-02
   3.4819249e+02
   2.8710253e+02
   1.3576310e+02
   1.2053551e-02
   3.3310060e-02
   7.4872198e+02
   5.1356511e+01
   5.5772974e-02
   1.6233772e-01
   2.5123701e-01
   7.4086033e+01
   4.5231142e+02
   3.5989616e+02
   5.2385500e+02
   1.8397951e+03
   4.4305338e-02
   1.9395428e-02
   1.2314973e-01
   4.1613493e-01
   1.2240056e-01
   2.3500163e-01
   1.9432030e-01
   3.0192451e-01
   4.6605436e+02
   2.3431978e-01
   3.3553076e-01
   2.2182575e-01
   2.2861670e+01
   9.0064193e+01
   5.9871525e+01
   2.1777836e-01
   1.4739111e-01
   1.6460759e-01
   9.9748617e-03
   4.5091852e-02
   1.9564109e-01
   6.9369343e-02
   2.9085431e-02
   3.8693138e-02
   6.6431384e-02
   1.4790971e-01
   4.4086435e-02
   2.5351741e-02
   1.3517105e-02
   1.5759261e-01
   7.8028962e-02
   2.1785719e-01
   6.8675467e-02
   7.7984851e-02
   9.2117067e-02
   1.9543520e-01
   1.5253202e-01
   8.9440716e+01
   7.7652870e+02
   2.3610454e-02
   1.8814281e-02
   7.4994072e-03
   3.6756907e-02
   8.1298091e-02
   4.1736095e-02
   1.8391990e+03
   1.3500723e+03
   6.7931349e+01
   3.5451609e-02
   4.0248556e-02
   1.1124534e+03
   3.1334024e-02
   7.0403691e-02
   5.6673464e-02
   3.9585669e-02
   1.7531088e+01
   6.5497788e-02
   1.2075684e+02
   3.8671649e+02
   4.7164298e+02
   4.4946661e+02
   8.5601758e+01
   5.1898109e-02
   1.3508457e-02
   7.3960521e-03
   4.3052956e-02
   4.8335593e-02
   3.4575977e-01
   2.4099159e-01
   2.8225601e-01
   1.3223881e-01
   6.3077828e-02
   1.8417092e+01
   1.5446392e+02
   7.7714926e+01
   2.3795974e+02
   2.5799219e-01
   2.4622491e+02
   6.5321353e-02
   2.1733844e+01
   4.4708435e+01
   2.7137992e+01
   2.4085665e+01
   2.5495000e-01
   8.2941320e+01
   1.6349020e-01
   2.9599352e-02
   7.5275775e-03
   1.2291352e+02
   3.1931682e-02
   1.8856215e-02
   4.0345524e-02
   2.9404678e-01
   8.0523273e-02
   2.1173966e-01
   3.4897433e-01
   7.5551769e+00
   9.9115280e-02
   9.2396725e-02
   4.5060815e-02
   2.0998478e-02
   1.0626941e-01
   3.1903102e-01
   6.8318483e-02
   2.5117200e-01
   5.5042886e+02
   4.7521664e+01
   8.3758580e+01
   6.9281107e-02
   2.4575459e-02
   2.2467113e-02
   1.8982661e-02
   2.4044956e-02
   4.8425994e-02
   1.1521043e-01
   2.4993608e+01
   1.1592732e+01
   8.7370475e-02
   2.6148135e+01
   2.3050880e-01
   2.1364210e-01
   3.6120180e+02
   6.4417323e+02
   1.0362204e+03
   1.0548768e+03
   1.7782169e-02
   1.1838154e-01
   7.1018814e-02
   3.0223039e-02
   2.8527164e+02
   4.3302911e+02
   5.4095998e-02
   2.8423945e+01
   1.9067944e+02
   1.6925674e+02
   1.2067619e+02
   5.5139638e+01
   5.7175970e+01
   2.4564108e+02
   2.7544381e+01
   2.3896929e+01
   4.4299609e+01
   5.4403589e+01
   2.6852519e+01
   1.1136621e+02
   9.7629734e+01
   3.9078436e-02
   2.8828090e-02
   2.0041870e+02
   3.6957699e+02
   2.6191549e-02
   1.8565612e-02
   1.3442549e-01
   1.9598437e-02
   2.3778942e-02
   4.3903601e-02
   2.5977593e-02
   3.0831739e-02
   9.4133430e-02
   3.8064383e-02
   5.4031009e-02
   7.0283813e-02
   4.7476167e-01
   1.7312516e-01
   3.5952104e-01
   1.0368086e+02
   1.1564200e+02
   2.3736612e+02
   4.3083957e-02
   4.0950439e-02
   1.8633700e-01
   1.1930661e-01
   8.0070781e-01
   9.3007871e-02
   1.4860758e-02
   9.0220850e+01
   8.4942374e+01
   1.2026544e+02
   4.6950242e+02
   1.7568491e-01
   4.2010153e+02
   3.1658342e+02
   9.6102832e+02
   2.1483550e+03
   2.3264340e+03
   1.5297292e-02
   9.1132815e-02
   2.9127378e-02
   2.8154510e-02
   3.9622866e+02
   1.6798161e+03
   2.4136763e+03
   4.3175131e-02
   4.4137792e-02
   1.1421913e+02
   1.3132783e+02
   1.6448705e+02
   3.8715653e+02
   3.9859538e+02
   1.6838287e+02
   5.3670201e+01
   3.9965217e+01
   5.0192788e+01
   6.9728784e+02
   8.1308871e+02
   5.1938195e+02
   8.9229619e-02
   1.7051647e-01
   7.2753852e+02
   4.6028322e+02
   3.9216514e+02
   4.0975718e-02
   4.6319090e-01
   2.3292347e-01
   1.6045118e-01
   6.1082234e-02
   1.3285128e-02
   2.3995704e-02
   3.1706212e-02
   3.7971163e-02
   3.1037591e-02
   3.5122010e-02
   2.5401401e-01
   3.1042671e-02
   1.0284437e-01
   2.4120997e-01
   8.4700012e+01
   6.2410719e-02
   1.1242208e-01
   1.7824817e-02
   3.1330336e-02
   2.3724744e-01
   9.3331203e-02
   8.0584514e-02
   1.0338203e-01
   7.9463297e-02
   2.6127903e-02
   3.7753075e+01
   2.2795256e+02
   2.8842164e+02
   4.9048340e+02
   7.8433710e-02
   9.2137836e-03
   1.5126747e-02
   3.7906732e-02
   1.6683593e-02
   9.7486656e-03
   5.7625941e-03
   3.4804034e-02
   2.8773951e-02
   1.8847754e+03
   4.1097349e+03
   7.6492358e+03
   2.0527857e+03
   7.0560986e+02
   3.5717191e+02
   4.1201080e+02
   7.2836386e+01
   2.8329625e+02
   7.6806429e+01
   7.4452527e+01
   2.8604959e+01
   7.9311040e+01
   2.2290465e+02
   8.6345850e+01
   3.9651205e+01
   1.9633888e-02
   3.7497666e-02
   4.9307503e+01
   1.7796798e+02
   2.3407780e+02
   1.1721807e+02
   2.4651379e-01
   2.3272973e-01
   1.4906759e-01
   5.3390439e-02
   7.8951164e-02
   3.2996366e-02
   3.1492304e-02
   4.7150197e-02
   3.1762813e-01
   1.4368651e-01
   1.6463643e-01
   1.0194416e-01
   9.7283940e-02
   9.8514683e-02
   5.2328124e-02
   2.0366938e-01
   8.5278129e-02
   1.3473371e-01
   5.4985819e-02
   6.1048936e-02
   1.1994239e-01
   3.3810168e-02
   2.9996951e-02
   9.2057595e-02
   9.0026077e-02
   1.5085621e-01
   3.2810881e+02
   6.8495093e+02
   3.5097337e+02
   9.2077090e-01
   1.4926120e-01
   1.2931712e-02
   1.6035208e-02
   2.4404794e-02
   3.4562610e-02
   4.9896176e-02
   7.4118609e-02
   3.1926674e-02
   6.0312568e-02
   5.2306063e+03
   9.7302686e+03
   3.0147843e+03
   3.5862321e+03
   1.0477762e+03
   2.0673067e+02
   4.1869028e+02
   6.0117178e+02
   3.6083120e+02
   1.9157179e+01
   8.8477699e-02
   4.5118942e-01
   5.4159524e-02
   2.3568668e-01
   4.1707067e-02
   5.1715760e-02
   4.0537648e-02
   2.1854965e-02
   3.1827308e+01
   3.4557294e+01
   4.8272756e+01
   2.7981141e-01
   1.2312714e-01
   2.9883334e-01
   1.7424851e-01
   2.1810399e-01
   3.1504699e-01
   1.1789942e-01
   3.5575128e-02
   2.6277511e-02
   3.4961588e-02
   1.4657184e-01
   1.1200479e-01
   2.9410965e-01
   2.5419157e-01
   8.3409233e-02
   1.3552973e-01
   1.7043134e-01
   2.4543443e-01
   7.3422664e-02
   1.8231299e-01
   1.6427154e-01
   7.6735689e-02
   3.1355627e-02
   3.2829413e-02
   1.7902131e-02
   3.1068046e-02
   1.2736047e+02
   6.9532089e+01
   1.9568178e+02
   2.6468340e-02
   2.3966820e-02
   4.7707600e-02
   1.3276404e-01
   2.2177061e-01
   2.4064432e-01
   4.4412502e-02
   3.2487441e-02
   2.1890332e-02
   4.2055438e-02
   4.7576014e-02
   1.7225107e-01
   9.5659797e+02
   4.6127373e+03
   3.5119527e+03
   2.5962532e+02
   2.5714422e+02
   3.7160688e+02
   1.8314076e-02
   4.6233874e-02
   9.7581776e-02
   8.9029320e-02
   1.8829162e-01
   1.3311848e-01
   5.1143430e-02
   1.0769154e-02
   1.0192236e-01
   9.3651104e-02
   6.1664035e-02
   4.2747539e+01
   1.1843771e+02
