   1.2942973e+02
   1.0717061e+02
   1.3108189e+02
   8.7495136e+01
   2.1173828e+02
   2.8987030e-03
   1.2510411e-02
   6.1230156e-03
   6.6355186e-02
   1.5495858e-02
   9.8993838e-01
   2.4190533e-01
   9.5736876e-02
   3.2226275e-02
   4.8933760e-02
   6.4651335e-02
   1.1007315e-01
   3.0060694e-02
   9.8983054e-02
   1.0906634e-02
   3.8554498e-02
   4.1394690e-02
   1.0283003e-02
   1.4837827e-01
   5.2387759e-02
   5.1795397e-02
   2.6280288e-01
   1.0592244e-01
   1.3677988e-01
   4.3405209e-01
   4.3638386e-01
   2.1956060e-01
   3.4940047e-01
   9.4377109e-02
   1.2278714e-01
   1.4719461e-01
   1.1230875e+01
   1.9000669e-01
   2.3926431e-01
   2.0947644e-02
   6.0634829e-02
   1.6986306e-01
   2.6880733e-02
   1.1346366e-01
   4.0409391e-02
   8.3504184e-02
   1.4160451e-01
   2.7459883e+02
   5.2428785e+02
   3.1684491e-02
   3.5217624e-02
   6.8840709e-02
   2.4026507e-01
   2.5843084e-01
   8.0960862e-01
   4.2295617e-01
   4.3580887e-02
   1.8961328e+03
   2.0932204e+02
   9.7225327e+01
   5.2903797e+01
   1.2959323e+02
   1.0943080e+02
   2.9327657e+02
   1.9582854e+02
   8.7371352e+00
   6.4336591e-03
   2.1921549e-02
   4.3259613e-02
   1.5154951e-02
   6.6337214e-02
   1.4171131e-01
   2.5335361e-02
   1.3932956e-01
   2.2107920e-02
   1.5862028e-01
   3.2254268e-02
   1.0726522e-01
   1.2926395e-02
   4.3857575e-03
   3.4082550e-02
   1.0823529e-01
   4.2340169e-02
   4.5932175e-01
   5.0677296e-01
   7.6465808e-02
   1.7100365e-01
   1.7998552e+00
   8.1361593e-02
   1.5031017e-01
   8.9878924e-01
   7.5677724e-01
   3.6509079e-01
   1.6450574e-01
   5.1957920e-02
   1.4416474e-01
   9.5857494e+01
   7.5640873e-03
   1.1687649e-01
   1.1853216e-02
   3.9987956e-02
   5.4092648e-02
   2.0028516e-02
   1.7409108e-02
   4.2010540e-02
   6.7896800e-01
   1.7710711e-01
   1.7805639e-01
   1.2645964e+03
   9.5033128e+02
   2.4702627e-02
   3.1889486e-02
   5.6696061e-01
   2.7075215e-01
   2.7916564e+01
   4.9588659e+01
   1.4260377e+01
   8.4489790e+02
   9.4344658e+02
   8.9788056e+02
   6.0731085e+01
   1.8356984e+02
   2.1185213e+02
   1.0110184e+02
   8.5854853e+01
   2.6395140e+02
   3.4137646e-02
   3.5706428e-02
   2.5749689e-01
   2.9460687e+02
   2.0156902e+02
   9.0340948e+02
   1.4321242e+03
   4.6711729e-03
   1.1418878e-02
   7.4764322e-02
   3.8048889e-02
   9.8493895e-02
   2.0987548e-01
   2.0747672e-02
   6.0947040e-03
   2.8027844e-01
   2.1149796e-03
   3.6208941e-01
   1.4229799e-01
   2.5819617e-01
   1.2008782e-01
   3.4183337e-02
   1.1582463e-01
   8.9546321e-02
   1.1922482e-01
   1.1788954e+00
   6.3847827e-01
   3.2776996e-01
   1.3358368e-01
   4.9032838e+02
   1.1881101e+02
   4.4841641e-05
   1.2143923e-01
   1.1947806e-02
   7.1072006e-02
   1.0296188e-01
   3.2083335e-02
   2.0979478e-01
   3.0292267e-02
   3.0374951e-02
   1.8101033e-01
   5.8413469e-01
   7.4179043e+02
   1.3832110e+03
   1.8561283e+03
   1.0779577e+03
   9.2848299e+02
   2.4771581e-01
   4.0261784e+01
   4.0285884e+01
   1.0931336e+03
   1.0017651e+03
   5.9331753e+02
   3.8609475e+02
   2.6434051e+02
   4.4175470e+02
   1.5153002e+02
   2.9595750e+02
   1.0206869e+02
   1.8545101e+02
   5.5442347e+02
   1.6115878e+02
   2.7321060e+02
   1.4882741e+03
   1.2936814e+03
   8.7582624e+02
   9.6904789e+02
   9.1312224e-07
   2.3571339e-02
   2.7105754e-02
   3.3887803e+01
   2.3253848e-02
   3.9597355e-02
   1.2605356e-02
   1.1098588e-01
   9.1671898e-02
   1.6090174e-02
   2.1473357e-02
   4.6420194e+01
   8.1931996e+00
   7.3274349e+00
   1.0567000e+01
   1.5256820e+01
   2.6245817e+01
   9.7339654e-03
   8.2704881e-01
   2.9812224e-01
   1.1095629e-01
   3.0706165e-02
   1.8993890e+03
   1.1692452e+03
   1.3395541e+02
   2.0758623e-02
   1.5219542e-01
   2.2059713e-02
   3.4622401e+00
   4.8654181e-02
   1.0129112e-01
   1.8854923e-01
   2.5150000e-02
   6.5914101e-02
   6.0566127e-02
   1.5042186e+03
   9.7713199e+02
   1.5902191e+03
   4.5398682e+03
   2.5881067e+03
   6.7287830e-02
   4.7873243e+01
   9.4983792e+00
   2.3797980e+02
   4.0386147e+01
   1.4318655e+01
   9.6756473e+00
   1.3346729e+02
   1.7651977e+02
   2.9104575e+02
   3.8559731e+02
   5.6168972e+02
   7.1330361e+02
   1.8037028e+02
   2.4556270e+02
   8.0653700e+02
   7.1603766e+02
   4.8449411e+02
   4.0505399e+02
   7.1690960e+02
   7.0049612e-06
   3.9097228e-02
   4.9267893e+01
   2.0459558e+01
   1.1069687e+01
   2.4799424e+01
   2.0341549e+01
   2.9308927e-01
   2.7004951e+01
   6.8444762e+01
   3.6605306e+00
   1.3832810e+01
   1.7188138e+01
   1.5393098e+01
   1.5096075e+01
   1.6790037e+01
   5.4351526e+00
   6.6918608e+02
   1.7679591e-04
   3.1300010e-02
   8.9304948e-02
   2.2319582e-01
   3.1325100e+02
   1.7420472e+02
   8.6738400e-02
   8.1323396e-02
   6.0123455e-02
   2.5882728e-02
   8.6346157e-02
   2.5132503e-02
   1.0722019e-01
   3.1631318e-02
   1.7024393e-02
   1.4073989e-02
   6.3761425e-02
   4.6984473e-02
   5.9747063e+00
   1.2856254e+03
   2.1438874e+03
   5.7512505e+02
   4.2128335e-05
   2.3926412e-01
   3.3022927e+02
   2.3798378e+02
   2.2181631e+01
   1.3578912e+01
   1.7995324e+01
   5.4965713e-02
   3.4120583e+02
   7.9930860e+02
   1.3781949e+02
   1.2931371e+03
   3.9021407e+02
   1.5779539e+02
   1.0987789e+02
   6.3992512e+01
   1.7104350e+02
   4.9499417e+01
   1.1663708e+02
   2.4731109e+02
   7.1288889e+02
   3.5404005e+01
   1.1838131e+01
   1.2652308e+01
   1.6292072e+01
   1.6231563e+01
   3.5052465e+01
   1.3402882e+01
   1.3468553e+01
   1.6519629e+01
   1.5252784e+01
   2.2665457e+01
   3.8778267e+01
   2.8764050e+01
   1.3571080e+01
   5.5656522e+01
   2.5731876e+01
   8.4460735e+01
   7.9984253e+01
   3.4042393e-02
   1.0577959e-01
   2.6978925e-01
   2.5592362e+02
   1.3269014e-04
   3.2803369e+02
   2.3788582e+02
   1.9417814e+02
   1.8815246e-02
   9.5850388e-02
   1.0526701e-02
   4.4851151e-02
   2.8327751e-02
   1.1366643e-01
   4.6031341e-02
   4.5598127e-01
   8.0824289e+01
   1.0278832e+02
   7.7406451e+01
   8.7077722e+01
   1.5722525e+03
   2.6079712e+02
   3.0700527e-01
   4.8607450e+02
   4.6710470e+01
   6.3535232e+01
   4.8828444e+01
   1.3869456e+01
   1.0798127e-01
   1.1167243e-01
   1.6746271e+02
   9.9319148e+02
   2.4499238e+02
   2.4569208e+02
   4.0037729e+02
   2.5729370e+02
   5.7633550e+01
   1.2072790e+02
   6.5730168e-04
   3.7745080e+02
   3.3124299e+02
   4.4562060e+02
   5.1527359e+02
   2.0195414e+00
   1.1240464e+01
   9.6770343e+00
   5.8821999e+00
   6.8622548e+00
   4.4489984e+01
   3.2354432e+01
   3.4533806e+01
   3.5360129e+01
   6.3437239e+01
   3.2331597e+01
   3.0185803e+01
   2.5043902e+01
   1.0458772e+02
   2.3215753e+02
   3.1271194e+02
   5.2906283e+02
   5.5548117e+02
   3.1900448e-02
   1.3723939e-02
   6.9457190e+02
   1.2155388e+03
   3.8545088e+02
   1.1052935e+02
   2.4373776e+02
   1.1897317e+01
   3.3534225e-02
   5.4237330e-02
   8.3914139e-02
   7.6858435e-02
   7.0811504e-02
   6.1868645e-02
   4.7546887e+02
   3.0984244e+02
   2.3733893e+01
   4.5863032e+00
   1.0226257e+02
   1.5796938e+02
   1.0209949e+02
   5.5826295e-02
   9.0185157e+01
   3.5539359e-06
   1.1091827e-02
   6.0618226e-02
   6.8761574e-02
   1.9883768e-02
   1.9617670e-02
   1.9522183e+03
   2.3386543e+03
   1.2709960e+03
   8.2385407e+02
   7.4013607e+02
   2.0041600e+02
   1.9700607e+02
   2.3985957e+02
   1.6901541e+02
   4.3654670e+02
   3.9583183e+02
   3.9666058e+02
   2.1208421e+02
   4.7612363e+01
   2.1979903e+01
   1.4207036e+01
   2.6306546e+01
   5.2765031e+01
   2.7578181e+01
   3.3211613e+01
   2.2425359e+02
   1.2132850e+02
   4.2987441e+01
   4.9112074e-02
   6.4167409e-02
   3.5995694e+02
   3.4139687e+03
   1.8509477e+01
   8.3577235e+02
   6.8259499e+02
   1.3270088e+03
   3.1698451e+01
   4.1650950e+01
   1.5439636e+02
   7.3849456e+02
   2.3400835e+02
   3.4060391e+02
   1.3460323e-01
   4.0540150e+01
   1.6697211e-02
   1.8658021e-02
   1.4967545e+01
   3.9205648e+00
   7.2863331e+00
   2.2420817e+02
   1.7323671e+02
   1.9348816e+02
   5.1738533e+01
   3.9215707e+01
   2.8126754e+01
   4.4775410e+01
   3.9029644e+01
   6.3195620e-03
   3.5779067e+02
   5.9762094e-03
   3.4945278e-02
   2.5671463e-01
   1.6842309e-01
   8.3643980e-05
   2.2016469e-02
   1.1687726e+03
   7.7590496e+02
   6.7628895e+02
   1.7814701e+03
   1.5826903e+03
   1.6481603e+03
   9.7786745e+02
   1.8471057e+01
   4.2048564e+02
   1.2595913e+02
   2.0903066e+02
   1.0749770e+02
   3.9935815e+01
   7.7022402e+01
   3.9629727e+01
   9.8058611e+01
   1.5199820e+02
   2.9198672e+01
   3.1798989e+01
   7.5950464e+01
   2.3976409e+02
   2.3889086e+02
   1.0538000e+02
   2.5814597e+03
   1.9825110e+02
   1.0934490e+03
   9.1594658e+01
   2.0302062e+02
   4.0816065e+02
   3.6438660e+03
   1.1798239e+03
   1.9134316e+00
   2.0882013e+01
   1.8908570e+01
   1.7801602e+01
   8.4039552e-03
   1.6519737e+02
   3.1857066e+01
   2.9833409e+02
   4.1312581e-06
   8.8364400e-01
   1.0400562e+01
   1.1052669e+01
   1.9922268e+00
   1.5414605e+00
   9.6589139e+00
   2.0878612e+01
   1.8905544e+02
   6.2417582e+01
   3.7611254e+01
   2.1570655e+01
   2.2445095e+01
   5.6723257e-03
   5.2314272e+02
   1.2536708e-02
   6.7893790e-02
   8.4763487e-02
   7.1791503e-01
   5.9692166e+01
   2.9506850e-02
   2.6756195e-01
   7.5007614e-03
   8.7598076e+02
   5.7380234e+02
   5.9156132e-02
   1.2064215e-01
   8.3537272e+02
   1.2086690e+02
   4.8523012e+02
   1.6131164e+02
   2.0728919e+02
   1.3383836e+02
   2.6745199e+02
   4.6438205e+01
   6.5292895e+01
   3.5716092e+01
   3.1332979e+01
   3.3582505e+01
   7.9819213e+02
   5.1635203e+02
   1.0877359e+02
   1.9899934e+02
   9.8032765e+00
   4.4837741e+03
   1.0909338e+03
   1.9553979e+02
   2.4368779e+02
   2.9886516e+02
   1.3736857e-01
   2.7010067e+02
   3.8976939e+02
   5.8004798e+02
   2.8409406e+02
   3.9159872e+01
   3.5073618e+01
   6.8010547e+00
   5.7389287e+02
   4.3662446e+01
   1.2262594e+02
   2.5547052e+01
   7.9753641e+00
   2.2882700e+00
   2.2236146e+00
   3.3510113e+00
   8.4475650e+02
   6.8216753e-01
   8.7349817e+00
   3.3204386e+01
   2.8141852e+01
   2.3550723e+01
   3.0059694e+01
   3.3003751e+01
   1.5781828e-04
   2.7649315e+02
   1.0177631e-01
   1.6569556e-01
   1.8656340e+00
   1.6159096e-01
   2.3094972e+02
   1.0091239e-01
   9.1924319e-02
   3.8982791e-02
   1.3266184e-02
   2.9827631e-02
   1.9131114e-02
   2.3332652e-02
   9.2578079e+02
   6.5498146e+01
   3.6702951e+02
   3.0222331e+02
   4.8922995e+02
   4.6766693e+02
   2.9932583e-01
   1.9540112e+02
   4.7369788e+01
   4.2306259e+01
   1.0033190e+02
   1.6321137e+02
   9.4564143e+02
   6.9695918e+02
   9.7845683e+00
   3.3519039e-01
   3.8671555e+01
   3.8814319e+01
   5.9430263e+02
   2.3693660e+02
   5.3068229e+02
   8.8524544e+01
   6.0617331e+01
   7.0633241e+01
   4.5846043e+02
   5.8765297e+02
   4.3350166e+02
   2.2091431e+02
   4.4835931e+01
   9.5907719e+00
   2.8542367e+01
   3.6024588e+01
   7.8362754e+00
   2.4036309e+01
   1.0152300e+01
   6.5442616e+01
   1.6820841e+02
   3.0220695e+02
   4.1804671e+01
   7.2720721e+01
   8.3411556e-02
   1.7470955e-02
   5.6987528e+00
   7.8784898e+00
   5.4285527e+01
   1.8527009e+01
   6.4075046e+00
   1.8021819e-01
   1.7979742e-01
   3.1395669e-01
   1.6691566e-01
   1.6217630e-01
   3.6741834e+02
   5.8050234e-03
   2.7905340e-02
   2.0259252e-01
   6.9644547e-02
   8.0393639e-02
   1.8393250e-01
   3.6109869e+03
   6.3851734e+01
   2.2042903e+01
   1.0141189e+03
   5.7779942e+02
   8.7060398e+02
   1.3794413e-02
   1.7007000e-01
   4.0437916e+02
   1.3181223e+02
   2.8345897e+02
   1.1749149e+02
   1.5996436e+02
   1.9926857e+02
   2.6139557e+02
   7.2885323e+01
   1.6804586e-03
   3.8823218e-01
   1.6322152e+02
   5.6688284e+02
   3.3293828e+02
   2.8976336e+02
   1.6788649e+01
   3.1016340e+01
   2.0099755e+01
   4.8340807e-02
   5.7640523e+02
   2.2252588e+02
   1.1301105e+02
   1.6788502e+02
   8.4787742e+01
   6.4208464e+01
   3.9557792e+01
   3.7309275e+01
   6.3899242e+01
   7.6166701e+01
   9.6910555e+01
   2.9828616e+01
   1.2277775e+02
   1.0299335e+02
   2.8456536e+02
   5.1781314e+01
   3.5888877e-02
   2.6067864e-02
   7.3287397e+01
   3.5899190e+01
   5.1605926e+01
   5.5794505e+01
   1.2138419e+02
   3.0440222e+01
   2.2423313e-01
   3.6379212e-01
   4.4057316e+02
   2.1256218e+02
   4.8182920e+02
   1.1376085e+01
   5.9984050e-01
   9.7022682e-02
   8.2336596e-02
   4.3478157e+03
   1.0176919e+00
   2.8138412e+01
   4.0572370e+00
   1.7993810e+01
   1.6921528e+01
   2.0622494e+01
   2.6906586e+01
   2.8318641e+02
   2.5094543e+02
   5.4424243e+02
   3.2092407e+02
   4.8127350e+02
   3.0417000e+02
   2.8247722e+03
   3.8829084e+02
   1.3663029e+03
   6.3048183e+02
   4.2940327e+02
   2.4296830e+02
   2.7854958e+02
   1.3630675e-02
   7.7008107e+01
   8.8815109e+01
   9.0111972e+00
   4.1792770e-02
   2.2871724e-01
   7.1841683e-01
   8.3300662e-01
   1.3034514e+02
   2.6693814e+02
   3.1615865e+01
   6.9632945e+01
   5.1038235e+01
   4.1671884e+01
   7.4454199e+01
   3.5861598e+02
   3.2076804e+02
   5.8411299e+02
   6.6281994e+01
   1.0137217e-02
   1.5986524e+02
   2.5879223e+02
   1.1458917e-02
   2.0950107e-02
   7.4893742e+01
   2.6099752e+02
   5.0558962e+01
   1.3629653e+02
   2.6856537e+02
   1.0376951e+02
   1.3447020e+02
   1.2006239e+02
   9.2616063e+02
   1.3984651e+03
   3.1661757e+03
   2.3173760e+00
   6.8397232e-04
   9.7466116e-03
   9.1935359e+02
   2.5632839e+03
   3.8125982e+01
   4.9653661e+01
   3.8667592e+01
   9.9054831e+00
   1.2054609e+03
   2.7819579e+03
   1.6470587e+01
   3.9561427e+01
   6.5236023e+01
   8.7583515e+01
   3.4163973e+01
   4.4985144e+02
   3.3072202e+02
   1.1821450e+03
   8.0934106e+02
   1.3886045e+03
   9.9641530e+02
   4.8900948e+02
   2.9814338e+02
   3.8985067e+02
   1.2365504e+02
   4.7060712e+01
   1.2590792e+01
   5.9896792e-02
   6.6464661e-01
   1.0574735e-02
   7.1738976e-01
   5.5956773e-02
   2.4058093e+02
   2.3816962e+02
   5.1425611e+01
   4.2082552e+01
   9.0733459e+01
   7.3990162e+02
   1.3481509e+03
   1.4268641e+03
   4.9923397e+02
   7.0478377e+02
   3.3069988e-03
   3.7146681e-02
   1.9268369e-03
   3.3541010e+02
   6.2672795e+01
   2.3428498e+02
   3.7600597e+01
   4.0998615e+02
   1.8642408e+02
   2.2474769e+02
   5.5322045e+02
   4.9790164e+01
   1.7687257e+02
   2.0355136e+02
   8.3560575e+01
   3.0906715e+03
   3.9559522e+03
   3.3334508e+03
   3.9767148e+02
   8.1658773e+02
   1.1701251e+03
   3.5547628e+00
   3.0205701e+01
   1.8365325e+02
   1.4845445e+00
   2.7719436e+03
   2.5668242e+03
   1.1538123e+03
   4.0027908e+01
   3.3547992e+01
   2.3528026e+01
   2.0027346e+01
   3.1282089e+01
   4.2721913e+02
   7.9488977e+02
   4.7762197e+02
   5.3619017e+02
   1.6058942e+01
   3.7539045e+02
   6.7983505e+02
   8.5512404e+02
   6.0502756e+02
   3.9119529e+02
   1.4645647e+03
   1.4569084e-03
   4.4525775e-02
   3.4362683e-02
   4.5823417e-01
   5.4115840e-01
   1.9715364e-01
   1.0681383e+02
   2.0239649e+01
   1.9473564e-01
   1.7478984e-01
   1.7321597e-01
   1.6200169e+02
   3.3425046e+03
   1.7291351e-05
   2.9793745e-01
   1.6923529e+03
   1.9067139e+03
   4.1138655e-02
   1.7310846e-02
   1.7766849e-01
   6.0463348e+02
   9.8254485e+00
   1.4393298e+02
   5.2968789e+01
   3.2324206e+02
   2.7198216e+02
   1.8627918e+02
   1.3272485e+02
   2.1100122e+02
   3.1933334e+02
   2.0835168e+02
   1.9367896e+03
   6.5270101e+02
   5.5659235e+02
   4.8417184e+02
   1.3641753e+03
   1.2472130e+01
   8.9261153e+01
   6.4834552e+01
   8.0971019e+01
   9.8154765e+02
   6.1294158e+02
   1.2026810e+02
   2.0829316e-03
   1.8917464e-01
   1.3266738e+01
   3.0717971e+02
   2.0726083e+01
   1.6874603e+01
   4.4107559e+02
   5.8193371e+01
   3.3643959e+02
   3.6692430e+02
   3.7079771e+02
   5.6975838e+02
   2.9562472e+02
   4.2090472e-04
   5.4372363e+02
   1.6325346e+03
   1.6009507e-02
   3.1799487e-03
   4.0248919e-02
   1.1993638e+02
   1.7912287e-01
   1.3709876e-01
   4.5012471e-02
   4.0961994e+02
   4.2835463e-03
   1.0873351e-01
   5.2086294e-02
   2.0417380e-01
   5.3675124e+00
   4.5669734e+00
   1.7107690e-01
   7.1871780e-01
   7.8150852e-01
   1.1410238e+03
   1.8642748e+03
   1.8830706e-03
   4.9716693e-03
   3.3149281e+02
   2.7593029e+02
   2.7632930e+01
   2.5484687e+02
   1.9222725e+02
   6.6594055e+02
   9.2327110e+02
   2.8485086e+02
   6.8230640e+02
   1.4850991e+02
   4.0425978e+02
   1.3199551e+02
   1.7086478e+02
   1.9885364e+02
   5.3938994e+02
   4.9759991e+02
   2.4924304e+02
   2.8441143e+02
   1.6557483e+02
   1.6372648e+01
   1.3549438e+02
   2.8303281e+02
   5.0237650e-01
   5.2179905e-02
   3.9424056e-02
   3.5599129e-01
   1.0138238e-01
   5.9177032e-02
   2.4762342e-01
   1.0197824e-01
   1.3283970e+02
   5.9434689e+01
   2.9322754e+02
   2.9143714e+02
   7.6237561e+01
   7.6125898e+02
   5.3035563e+02
   1.5005077e-01
   1.5023390e-02
   4.9323974e-02
   1.4002196e-01
   2.6932859e+02
   1.4736390e+02
   1.4553480e+02
   1.8417125e-01
   1.2825074e-01
   6.8183372e-03
   8.2771489e-02
   8.2472500e-02
   3.4180081e-02
   2.9119242e+01
   1.3889881e+01
   1.5956515e-01
   1.1880960e-01
   6.9829886e-01
   8.9818030e-02
   1.1717296e+04
   7.0191496e+03
   4.5446261e+03
   1.2002127e+02
   2.3250003e+02
   9.3051541e+01
   9.4150971e+01
   1.2622934e+02
   7.5060024e+01
   5.4641394e-03
   9.3105719e-03
   1.0399568e-01
   7.1716536e+02
   1.9455662e+02
   3.0450131e+02
   1.5830614e+02
   1.0972126e+03
   1.1687071e+03
   2.1532346e+02
   8.3067395e+02
   5.6184650e+02
   1.1947683e+02
   7.5270150e+01
   4.5416971e+01
   1.2106462e+02
   2.0272146e+02
   1.3250262e-01
   1.1338655e-01
   1.3686820e-01
   1.5864455e-01
   4.1189667e-02
   8.0146593e-02
   8.0298112e+01
   1.2547914e+01
   1.9194486e+01
   5.3927106e+01
   8.6285093e+01
   2.4866380e+01
   1.4183551e+01
   4.9980980e+03
   1.2720051e+03
   7.9902740e-02
   4.9547449e-01
   1.6700052e-01
   9.5287999e+02
   3.3331969e+02
   7.6622491e-03
   1.5173332e+01
   2.6127863e-03
   8.4697390e-02
   3.3600325e-02
   6.8021034e-01
   5.4031501e-01
   5.8534041e-02
   5.2236863e+01
   4.6270458e+01
   1.7674382e-01
   9.5152769e-02
   2.0575084e-01
   2.8580203e-02
   3.8227952e-02
   1.7438538e+03
   1.9459913e+03
   7.9961639e+02
   1.3008624e+03
   9.9628290e+02
   2.5582418e+01
   1.0962278e-03
   4.2861528e-03
   4.0236546e-02
   1.1167731e-01
   1.0255580e-01
   2.1559224e+01
   1.0849998e+01
   1.3503343e+01
   6.9999553e+02
   1.6496783e+02
   1.7158900e+02
   6.8367614e+01
   2.7538096e+03
   1.6410298e+02
   2.9829100e+01
   3.2121479e+01
   5.3387108e+01
   2.0002929e+01
   7.2812543e+01
   2.2156870e-02
   1.7183960e-01
   7.6154722e-02
   1.0584895e-01
   8.7085869e-03
   4.0537889e+01
   3.0142719e+01
   1.4583325e+01
   1.8817872e-02
   8.9960989e-01
   5.5683057e+01
   6.3087936e+00
   4.4069716e-02
   1.3486597e+03
   1.0179043e+03
   4.0299896e+02
   2.8140795e+01
   4.2484135e+01
   4.4442710e+02
   1.5957287e-02
   7.4518370e-02
   9.5777452e-02
   1.3638303e+01
   3.1742455e-02
   5.5739477e-02
   2.2766234e-01
   9.6967072e-02
   5.5726577e+01
   9.3374786e+01
   2.7776275e-03
   3.8271373e-01
   7.7790239e-02
   7.9659191e-02
   4.2269913e-02
   9.0561617e-02
   4.8972471e-02
   5.0920128e+02
   2.8623212e+03
   1.2007793e+03
   1.4545996e-04
   3.2785488e-03
   2.2974413e-02
   2.4764361e-03
   1.9242070e-01
   1.0551809e-01
   1.4036054e-01
   1.2608750e+00
   2.4452588e-02
   8.0776998e+02
   6.7050626e+02
   7.1539031e+01
   9.8593033e+01
   1.7102606e+02
   3.5074490e+01
   2.4867692e+02
   8.7000489e-01
   8.3077702e+00
   1.1094574e+01
   1.8940830e+00
   4.6893532e-05
   6.1570031e-02
   9.6283833e-01
   3.2432493e+03
   4.5478998e+02
   1.3330477e+02
   5.6301684e+01
   8.3244808e-04
   5.0249092e-02
   1.2167600e-01
   4.1750307e-02
   7.0668820e-02
   6.7153807e-01
   4.4543148e-01
   1.0117531e-01
   1.6750296e+03
   5.7725022e+02
   4.3871729e+02
   5.0063928e+02
   4.6099530e-04
   1.1409626e+00
   1.1218006e-02
   1.2552792e-01
   1.4802595e-01
   2.5199990e+02
   1.1773288e-01
   8.6998506e-02
   1.6641209e-01
   6.5393296e+02
   2.7990749e+02
   2.6773994e-01
   1.9978662e-01
   1.4959622e-01
   5.5431377e-02
   4.5506644e-02
   1.3603705e-02
   6.5908313e-02
   2.9025295e+03
   1.6767343e+03
   3.3988872e+02
   8.0161945e-03
   4.6586328e-02
   7.4700630e-02
   5.2644365e-02
   1.8063618e-01
   2.8287567e-02
   8.2614531e-02
   5.8056928e+01
   1.7020820e+01
   6.4782717e+02
   4.9387488e+03
   4.5567519e+03
   1.9043519e+03
   9.7612152e+02
   3.4169929e+03
   2.5153061e+02
   1.1972052e+02
   6.1709020e-01
   3.8720589e+00
   3.1316284e+00
   9.6231896e-04
   1.2685428e-01
   2.5044787e+03
   1.8112437e+03
   8.9132940e+02
   3.0310950e+02
   2.5184402e-02
   5.5841964e-02
   4.9242379e-02
   2.0425168e-01
   8.1478105e-02
   8.3664917e-02
   6.3680688e-02
   4.2958999e-01
   1.9616750e-01
   7.8512188e-02
   1.3223495e+02
   5.2361847e+02
   4.0410507e+02
   9.2596593e-03
   1.5283999e-01
   1.5427704e-01
   4.0385499e-01
   4.3119457e-01
   1.6872644e-02
   5.5794607e-03
   6.6874048e-03
   1.8774216e+02
   1.5499965e+03
   5.0183151e-02
   1.4981448e+00
   4.1364480e-01
   1.1212256e-01
   1.8634654e-01
   1.9789458e-01
   2.2096212e-02
   3.6043898e+02
   9.4418658e-05
   1.4205261e-02
   8.0871638e-02
   1.0295085e-01
   7.6844531e-02
   1.4079750e-01
   2.1500836e-02
   1.4856615e-01
   6.3713430e-03
   1.5226226e-01
   1.7305716e+02
   1.4187130e+03
   2.5593546e-03
   4.0650565e-02
   7.9996015e+02
   3.8877334e+02
   7.3177321e+02
   1.3807968e+03
   2.6358003e+01
   4.1296500e+02
   4.6617122e+02
   1.3211891e+03
   1.0334424e+01
   1.8844800e+02
   1.0075020e+03
   6.2258037e+02
   1.2997970e+03
   3.7072325e+02
   3.9466783e+01
   3.4125299e-01
   2.3445621e-01
   2.7658250e-02
   1.8360414e-02
   9.6099682e-02
   1.2219962e-01
   2.1442752e-02
   9.6964817e-02
   1.3757891e+00
   2.4690336e-01
   2.7480763e-01
   2.9369571e-02
   1.3946582e-01
   1.7183420e-02
   4.5645933e-01
   2.1575809e-02
   7.2764465e-01
   4.9576409e-02
   5.2889153e-02
   2.5310988e+02
   2.4761688e+02
   5.5804658e+02
   7.9851574e+00
   4.7442218e-02
   1.2899594e+00
   1.8468184e-01
   1.2782929e-01
   5.6734630e-02
   2.3386075e-01
   6.9693870e-02
   1.6815294e+02
   1.5906918e-03
   9.4250097e-03
   3.7272158e-02
   2.8018658e-02
   7.7335899e-02
   4.1380866e-02
   1.8119504e-01
   2.8781567e-01
   1.0044758e-01
   3.4935240e+00
   2.3632434e+02
   1.1209658e-01
   5.3065454e-02
   1.8646239e-02
   1.3134925e-01
   5.5100479e+02
   4.3770971e+02
   6.7332090e+02
   3.8656518e-06
   5.7714676e+02
   4.3477347e+03
   1.9975997e+03
   2.9580321e+03
   1.7114864e+03
   1.3129482e+03
   2.3756960e+03
   1.3587115e+03
   1.2120099e-02
   1.4494248e-01
   4.4152860e-01
   3.3975413e-02
   1.9976496e-02
   9.2364317e-03
   3.5842105e-02
   1.8036087e-01
   1.6583777e-02
   9.8967851e-02
   1.4956918e-01
   3.8085731e-02
   4.4954270e-02
   9.5243282e-02
   1.0239038e-01
   3.4141273e-02
   7.0280765e-02
   5.7929450e-02
   9.3658947e-02
   6.9480197e-01
   5.0503343e-02
   1.0164294e-01
   6.8380803e-02
   1.2061276e+02
   3.2675733e-01
   8.1401014e-01
   2.4377106e-01
   2.7136971e-02
   4.1846062e-02
   4.3290674e-01
   1.8809216e-01
   1.3814254e-01
   5.5257803e-02
   2.7587249e-02
   1.0747543e-01
   3.1838684e-02
   4.3824715e-02
   1.6044368e-01
   7.9950051e-02
   4.1365233e-01
   3.4146849e-01
   4.0268301e-01
   7.1917892e-01
   1.9718736e-01
   8.9035503e-02
   1.2553574e-01
   7.1468348e-02
   5.1884872e-02
   3.5772297e-02
   3.6716214e+01
   2.3171132e+02
   3.6460876e-02
   7.6471295e+00
   2.8532245e+03
   3.6350071e+02
   1.5514649e+03
   4.5318134e+02
   1.8685122e+03
   1.2209020e+02
   9.3332375e-02
   9.4933454e-02
   1.3866874e-01
   1.3091251e-01
   6.5600879e-02
   1.5041220e-01
   3.0171142e-02
   6.3523672e-02
   5.4574682e-02
   7.0557914e-02
   9.2211815e-03
   1.0260036e-01
   3.6733674e-01
   6.4751864e-01
   1.3365400e-01
   4.8103752e-02
   1.7222962e-01
   2.8738427e-01
   8.9756269e-02
   3.0778452e-01
   2.7028904e-02
   2.6710064e-01
   4.6696809e-02
   4.6450060e-02
   5.4846379e-02
   7.6212594e-02
   2.8352676e-01
   1.1780132e-01
   9.4960012e-02
   2.6749612e-02
   9.3093580e-02
   6.0939220e-02
   2.0303363e-01
   1.4026399e-02
   2.1545370e-01
   4.2828454e-02
   2.2835774e-02
   1.2000284e-01
   3.9165477e-01
   1.2756767e-02
   1.8733327e-01
   3.8956928e-01
   7.9628481e-01
   2.7121720e-01
   2.5759331e-01
   8.1667522e-02
   8.0864858e-02
   4.1007359e-01
   8.2975060e-02
   8.4304460e-02
   4.6118235e-02
   2.9878550e-02
   5.8835838e-02
   2.2511197e+01
   5.1837792e+00
   3.8624973e+00
   2.1925369e+02
   1.1600702e+03
   3.6948301e+02
   2.9905475e+02
   1.1124652e-01
   3.8533531e-01
   5.6011246e-02
   4.4126678e-01
   1.4278002e-01
   3.2259865e-02
   2.7978239e-02
   5.9527878e-03
   5.3706234e-02
   3.3510897e-02
   7.1715778e-03
   4.2606652e-02
   1.4408455e-02
   5.3450495e-01
   7.4898423e-02
   5.3877912e-02
   3.5983906e-02
   3.2932570e-02
   1.4067487e-01
   8.3312461e-01
   2.9847533e-02
   1.0434774e-02
   1.6010488e-01
   3.4143404e-02
   1.0399731e-01
   3.6093401e-01
   2.2419652e-01
   1.8496668e-02
   4.2737468e-02
   1.3607922e-02
   3.6467562e-02
   7.6636904e-02
   2.6047780e-02
   2.6526243e-02
   2.2616282e-02
   2.9344735e-02
   1.3159585e-01
   1.4411672e-01
   1.4853434e-01
   3.8436712e-02
   2.1878445e-02
   1.1434749e-01
   2.1390930e-01
   1.3821113e-01
   6.2238584e-02
   8.3613797e-02
   5.0277467e-02
   7.8894876e-03
   1.8644643e-01
   1.9525155e-01
   2.3723956e-01
   4.6957808e-02
   3.1728924e-02
   3.0574633e-02
   8.1124667e-04
   1.0533648e-01
   7.2790462e-02
   3.3294520e+02
   9.8270628e+02
   1.0598493e+03
   1.8446671e+03
   3.2273742e-02
   9.7092559e-02
   4.5195510e-02
   1.4393692e-01
   2.0363944e-01
   1.6416221e-01
   6.9303922e-02
   4.7180554e-02
   3.2902792e-01
   4.2828106e-01
   1.0708207e-01
   2.5769407e-01
   6.5765736e-02
   1.8940925e-02
   4.1181382e-02
   1.8357692e-02
   5.5983485e-02
   3.6002530e-02
   8.4758899e-02
   3.8375799e-02
   1.2710572e-02
   1.3089382e-02
   8.8129159e-02
   2.2165906e-01
   4.2849367e-02
   1.1207471e-02
   1.4171218e-01
   6.6586035e-03
   2.2381029e-02
   1.2392792e-01
   8.4815208e-02
   8.2366222e-02
   7.1294596e-02
   2.4753177e-01
   3.3755864e-02
   6.9809178e-02
   1.7833974e-01
   1.1294871e-01
   1.0220806e-02
   2.0018141e-02
   7.4817953e-02
   3.3229661e-02
   1.4548848e-01
   6.8619018e-02
   2.4027226e-02
   4.6674980e-02
   1.5645788e+02
   4.1637059e-02
   3.2982198e-01
   1.0912653e-01
   9.5107592e-03
   3.5254372e-03
   1.3877297e+02
   1.7193084e+01
   5.1047449e-02
   2.2111155e-02
   3.0715253e+02
   2.0006459e+02
   5.4993949e+02
   4.3425853e+02
   7.0433935e-05
   6.7806189e-02
   1.1796633e-01
   1.2562341e-01
   7.8358000e-02
   6.3121125e-01
   4.6238987e-01
   4.0015908e-01
   2.2217167e-02
   3.1424620e-01
   8.0975804e-02
   1.1122509e-01
   5.7234698e-02
   2.4186859e-01
   3.0660475e-02
   1.9057900e-02
   6.0488738e-02
   1.1157505e-01
   3.7446322e-02
   2.4563436e-02
   4.7822851e-02
   1.1310924e-01
   5.9177662e-02
   9.9116194e-02
   5.6164286e-03
   1.8103394e-02
   2.7832487e-02
   1.5582384e-03
   1.2936692e-02
   1.5272452e-02
   2.1161298e-01
   4.7542289e-02
   2.8737730e-02
   5.2896660e-02
   4.8183053e-02
   1.8844091e-01
   1.5556252e-02
   4.7123350e-02
   1.8599440e-02
   6.1118890e-02
   3.0113045e-02
   1.0665648e-01
   2.0343219e-02
   4.3101342e-02
   3.9947317e-02
   2.1357610e-01
   1.2886972e+03
   2.6227937e+00
   6.3373058e+03
   1.8702375e+03
   1.2424187e-03
   1.3186309e+02
   1.1779015e+02
   9.9529109e+01
   2.4209475e-05
   1.0131053e-01
   1.0403388e+02
   2.7592952e+01
   8.4128920e+01
   9.6217069e+01
   8.4719224e-04
   1.1000290e+00
   4.6858458e-03
   6.7100789e-01
   4.2137833e-02
   2.7419300e-01
   4.3286977e-02
   6.5556696e-02
   3.0795750e-02
   1.1856808e-01
   1.2180050e-01
   9.6792114e-02
   1.2348214e-01
   1.2103927e-01
   2.1977667e-02
   9.4436958e-03
   5.0101089e-02
   5.3267146e-02
   4.3237718e-02
   1.3407224e-03
   1.5321049e-02
   8.1250900e-02
   5.1217206e-02
   3.1984491e-02
   4.1148672e-01
   3.2454222e-01
   4.8899933e-01
   1.3700257e-01
   2.4096669e-01
   1.9267741e-01
   2.2080745e-02
   5.4860063e-02
   3.3516336e-02
   6.4381428e-02
   6.2671957e-03
   3.5454282e-01
   3.1941849e-02
   3.4525161e-02
   1.6877727e-03
   1.2159830e-02
   1.8402069e-01
   5.5745930e-02
   1.4321597e-01
   2.3916472e-01
   2.9660065e-02
   5.0543666e-02
   1.1070088e+03
   4.0733042e+01
   1.7204512e+03
   2.1114012e+03
   1.7790861e+03
   3.4564136e+02
   1.6814941e+02
   1.2752704e+02
   1.5069645e-04
   1.2014924e-01
   1.9915080e-01
   1.8919585e-01
   6.3355036e-02
   2.5258899e+02
   3.1530849e+02
   6.3488939e-01
   4.7766959e-02
   2.0832345e-01
   1.4248698e-01
   3.1623677e-02
   2.8404368e-02
   3.8270574e-01
   2.4378642e-01
   1.0666611e-01
   3.4420837e-02
   2.1947438e-01
   2.4911921e-01
   4.2336657e-02
   3.1781718e-03
   2.8390498e-02
   4.7941467e-02
   1.1435731e-01
   1.8517266e-01
   3.3897380e-02
   4.5406340e-02
   9.5455002e-01
   9.6798228e-01
   1.9792711e-01
   2.5707599e-01
   5.3710170e-02
   3.7989069e-01
   6.0146008e-01
   1.7603936e-02
   2.1224244e-01
   4.0832514e-01
   2.0089506e-02
   1.1531566e-02
   6.9167025e-02
   4.6674883e-02
   8.6082768e-02
   2.8719225e-01
   1.5670283e-01
   5.9844159e-03
   7.6284530e-03
   7.7889026e-02
   9.2331516e-03
   7.3602227e-01
   6.2182877e-02
   6.9568098e-02
   8.9129481e-03
   1.3430071e+03
   1.6862991e+00
   5.3565073e+01
   6.8833014e+02
   5.5530051e+02
   2.2699649e+03
   8.6794308e+02
   4.1826722e-03
   5.0233953e-02
   3.4272493e-02
   9.5089294e-02
   1.4010134e-02
   7.6876551e-02
   4.8635010e-01
   4.5231971e-01
   3.8790460e-01
   3.9275263e-01
   2.9699899e-02
   6.4836655e-02
   8.8554048e-02
   2.6703885e-01
   9.3172765e-02
   1.6217481e-01
   7.8373318e-02
   4.3128784e-02
   5.8477581e-03
   2.2718453e-01
   1.1602523e-01
   2.7816556e-02
   1.6789667e-03
   3.9716401e-02
   3.3382064e-01
   2.4946421e-01
   1.2866104e-01
   3.4124325e-02
   8.0829794e-02
   4.1063302e-02
   1.1003976e-01
   2.9865243e-01
   2.7785942e-01
   1.5515168e-01
   2.5060675e-01
   5.8213777e-02
   1.3898089e-01
   7.0665597e-02
   5.6094846e-02
   9.6661425e-02
   1.0435423e-01
   8.4814704e-02
   8.2330907e-02
   1.4941605e-01
   5.4297302e-02
   8.8788897e-02
   8.9028515e-03
   1.3199928e-02
   2.6667112e-02
   1.6311505e-02
   9.5413455e-02
   3.3165999e-02
   4.6438897e-03
