   3.9607078e+02
   7.7945350e+02
   8.8901698e+02
   1.2329904e+03
   1.5647670e+03
   2.1653232e+03
   1.8835416e+03
   2.0033303e+03
   7.2562028e-02
   4.0094522e-02
   2.6400400e-02
   3.7213762e-02
   1.4103917e-01
   2.1639579e+02
   3.6978488e+01
   1.1243620e+01
   1.7464623e+02
   5.9589401e+02
   5.4679200e+02
   1.9650827e+03
   2.4722401e+03
   9.2493303e+03
   3.4789605e+01
   5.3353602e+01
   5.5745831e+01
   2.3860011e-01
   1.3341696e-01
   9.0876305e+00
   1.1216225e-01
   1.0012173e+01
   1.9834576e+01
   1.9415020e+01
   5.8686574e+01
   8.0430786e+01
   7.9647050e+01
   5.5527718e+01
   1.2907657e+02
   1.1446866e+02
   8.5864392e+01
   1.2010590e+03
   1.3270438e-01
   6.1127000e-02
   7.6857912e-02
   1.7880530e+00
   1.2990218e+00
   2.6752312e-01
   1.9691003e-02
   5.4134747e+01
   1.3530697e+02
   1.4511795e+02
   2.7136199e-02
   1.9428221e+01
   7.1426837e+01
   2.8437271e+01
   1.4320071e-01
   2.4678878e-01
   3.4816533e-01
   1.3582064e-01
   6.5095574e-01
   1.5251518e-01
   2.6509957e+02
   4.6885111e+02
   1.0985679e+03
   1.9870866e+02
   3.3619348e+02
   6.2128190e+02
   6.7459865e+02
   7.4016742e+02
   3.8725703e+02
   2.4640614e+02
   1.0230979e-01
   7.0603373e-02
   5.4284494e-02
   2.2516966e+02
   1.6614729e+02
   2.7529666e+01
   7.2189789e+01
   8.2530286e-02
   7.4240121e+02
   6.2490234e-02
   7.7758802e+03
   1.6886148e-01
   2.0481825e-01
   1.8292372e+01
   3.7828424e+01
   1.4689751e+01
   1.4226865e+01
   1.8536703e-01
   2.8113570e-01
   3.5462220e-01
   6.7302255e-01
   1.4519838e-01
   3.9421667e-02
   2.9588177e+01
   9.8179604e+01
   1.4339928e+02
   1.5076332e+02
   5.9317297e+02
   1.4465244e+02
   1.4074314e+03
   9.4630621e+03
   6.7886956e-02
   2.9605854e+02
   1.0902684e+02
   1.1196471e-01
   9.1238881e-02
   4.8100166e+02
   1.0187400e-01
   3.7033552e+01
   1.2178277e+02
   1.6666357e+02
   1.6566765e+02
   9.8455510e+01
   1.6802286e-01
   7.5842597e+01
   6.0504404e+01
   1.6692399e+02
   5.9942294e-02
   8.0333500e-02
   6.8425478e-02
   1.6892017e+02
   1.5374438e+02
   1.1176757e-01
   3.0369151e-02
   3.1329694e-02
   7.8847934e+02
   1.1994620e+03
   1.3603100e+03
   7.7199901e+02
   3.8075543e+02
   6.8642585e+01
   1.4652468e+02
   1.8161923e+02
   6.9367700e+01
   1.5383646e+02
   1.5360171e+02
   1.4375067e-02
   5.3166588e-02
   3.1912136e-02
   4.3488027e-02
   2.9200741e-01
   4.7844906e-01
   3.6495139e-01
   9.6001259e-02
   9.6405781e+01
   4.6516362e-02
   1.6218790e-01
   2.2380038e-01
   3.6927476e-02
   1.9828074e-01
   9.5449929e-01
   5.3085538e-02
   7.2083462e-02
   9.2419647e-02
   1.4805504e+02
   2.4219143e+02
   1.1662494e+02
   1.3944574e+02
   1.0001435e+02
   1.3587960e+04
   7.2386159e+03
   9.4290211e-02
   3.2692747e+02
   3.4278214e+02
   1.2366965e+02
   3.8729039e+02
   2.5932546e+02
   1.9793033e+02
   2.4242203e+02
   1.4311163e+02
   1.1512149e+02
   1.4386304e+02
   2.9581354e+02
   1.8524970e+02
   3.5000665e+01
   7.0679240e+01
   5.9539119e+01
   2.3107315e+02
   5.6056153e-02
   7.2232938e-02
   1.6945351e+02
   1.0584372e+02
   1.5746209e+01
   5.2484905e-02
   1.9895216e+02
   4.8045122e+02
   5.8013703e+02
   7.0379189e+02
   5.9227654e+02
   1.2675140e+03
   1.2685807e+03
   1.5768975e+03
   9.8864842e+02
   1.3834089e+03
   1.4929008e+03
   2.3124788e-02
   3.6185920e-02
   2.2364531e-02
   9.5783141e-02
   7.8403267e-02
   5.3578580e-01
   3.2533088e-01
   3.0522243e-02
   2.8363457e-02
   5.6010721e-02
   9.0247714e-02
   3.4138970e-02
   3.8401964e-02
   2.7370269e-02
   5.6507225e-02
   6.2714775e-02
   1.4068510e-01
   7.2568247e-02
   1.2649548e-01
   2.1539142e-02
   7.3593055e+01
   2.0483104e+02
   5.3272060e-02
   2.5801956e-02
   6.5049185e+03
   2.9438859e-02
   7.2973029e+02
   4.4064825e+02
   2.3245307e+02
   1.1132621e+02
   8.0135607e+01
   1.2306358e+03
   1.3101954e+03
   1.5187396e+03
   2.0984490e+03
   6.2526590e+02
   3.4219974e+02
   2.5347289e+02
   9.6709101e+00
   1.2971075e+01
   6.9616252e+00
   1.2058712e+01
   1.4600262e+01
   3.0952389e+02
   3.8115087e-01
   6.0765146e+02
   2.3172009e+02
   1.9979701e+02
   8.0814702e+02
   2.8106219e+02
   1.5382322e+02
   2.1525309e+02
   2.1603620e+02
   4.1149845e+02
   5.8539921e+02
   4.4091248e+02
   4.6723965e+02
   1.0704096e+03
   1.3155457e+03
   3.6421561e+02
   2.3045273e-02
   1.5295901e-02
   2.3791945e-02
   1.1271709e-01
   1.0636494e-01
   3.2622933e-01
   6.8076177e-02
   1.7154068e-02
   3.5799219e-02
   4.7087400e-01
   2.4368884e-01
   2.6200313e-01
   3.8477564e-01
   2.0613185e-01
   1.7030501e-02
   6.7759083e-02
   6.5310977e-02
   7.3939536e-02
   3.6969423e-02
   2.7016101e-01
   1.0005197e-01
   3.5922216e-02
   2.0863248e-01
   1.8912940e-01
   8.0726175e-02
   2.7230084e-02
   5.9910567e-02
   8.3628689e+01
   5.9462931e+01
   1.1432717e+01
   1.1534550e+02
   4.9593700e+01
   1.6241977e+03
   5.0934059e+02
   1.8340027e+02
   3.4003387e+02
   1.6263900e+02
   1.0400693e+02
   5.0968403e+01
   4.2740462e+01
   2.2124195e+01
   6.1381876e+01
   7.1585089e+01
   5.6715035e+01
   6.5458020e+01
   1.0726044e+02
   3.4981596e+02
   1.1650918e+02
   1.6846200e+03
   6.9267851e+02
   2.9066945e+02
   2.0920343e-02
   7.6841365e-02
   3.5231111e-02
   4.8704422e+02
   2.5872662e+02
   2.3096232e+02
   2.0671683e+02
   1.2412422e+02
   1.1011614e-01
   1.2380815e-01
   6.3901814e-02
   6.9964314e-02
   1.3429842e-01
   4.8591351e-02
   6.6596741e-02
   5.5838437e-02
   1.0935927e-01
   2.8340103e-01
   1.4264660e+00
   1.3148170e-01
   1.3209292e-01
   6.5458444e-02
   4.2026434e-02
   4.6533719e-02
   6.2332679e-02
   5.5353688e-02
   1.0099176e-01
   4.3394688e-02
   1.5700090e-01
   1.2443182e-01
   6.2013228e-02
   2.8028754e-02
   7.9402722e-03
   2.9645605e-02
   5.0803851e-02
   7.8419898e-02
   1.0168181e-01
   6.6844115e-02
   3.6631805e-02
   2.8565303e+01
   8.1762747e+01
   4.7101581e+01
   3.7487279e+01
   1.6346330e+02
   9.6982800e+01
   3.9040684e+01
   7.7737141e+01
   7.0945132e+01
   2.3809688e+02
   1.8977646e+01
   4.4473335e+01
   1.2014381e+02
   6.1680822e+01
   5.9768996e+01
   4.3988052e-02
   4.3091967e-01
   5.1993833e-01
   3.8962895e+00
   2.2520017e+01
   6.2511133e+01
   3.8224018e-02
   1.3056731e-02
   5.7626109e-02
   1.1814176e-01
   2.1706656e-01
   7.9523702e+01
   1.3406066e+02
   6.0333603e-01
   9.7523307e-02
   1.1235048e-01
   1.0826219e-01
   4.5060683e-02
   9.2390679e-02
   4.0429309e-02
   2.5917450e-01
   2.2647214e-01
   2.2311253e-01
   2.6088601e-01
   1.2170166e-01
   1.3000224e-01
   4.0330157e-01
   8.3123494e-02
   1.2746954e-01
   1.0946141e-01
   1.0594135e-01
   4.2318557e-01
   1.5067555e-01
   1.1142863e-01
   1.5862837e-01
   2.3681516e-01
   9.9031033e-02
   1.3137708e-01
   9.5765011e+00
   2.7393492e-02
   3.2097873e-02
   2.9516658e+02
   7.5036516e-02
   5.6472392e-02
   3.0100747e-01
   6.3720965e-02
   2.7664190e+02
   1.5959188e+02
   9.4424856e+01
   4.8905824e+01
   6.7740911e+01
   1.6172876e+02
   2.4459971e+02
   4.2505019e+01
   1.3752700e+02
   7.2561745e+01
   2.6824353e+01
   1.9504555e+02
   2.6101231e+01
   1.3370941e+02
   1.3325623e-02
   2.0201284e-01
   8.4180597e+00
   1.0987696e+01
   9.0782257e+00
   1.7548296e+01
   6.0221963e-02
   2.1866540e-02
   5.9122104e-02
   7.1855185e-02
   1.7770207e-01
   1.9553605e-01
   3.7520733e-01
   3.0451718e-01
   6.2002047e-01
   1.3155241e-01
   5.3218466e-02
   1.8053725e-01
   2.0275137e+01
   1.1808051e+01
   4.6127779e-01
   8.8185428e-01
   1.2672350e+00
   7.5326248e-01
   2.8618505e-01
   1.4025240e-01
   1.2599489e-01
   6.1369029e-02
   4.5056448e-02
   8.0375806e-02
   4.5494586e-01
   7.3010839e-01
   4.7096091e-01
   2.6254788e-01
   9.4111113e-02
   1.8870065e-01
   1.2634223e-01
   1.1038118e-01
   6.8870462e+01
   1.2167265e-01
   9.7366741e+01
   2.4868312e+02
   8.1841952e-02
   3.5724082e-02
   1.0765177e-01
   2.0911033e+02
   2.2171460e+02
   1.9067129e+02
   5.8896622e-01
   1.4027439e+02
   1.6292710e+02
   1.2307830e+02
   4.5875884e+01
   3.1068609e+01
   2.8893153e+01
   2.4134525e+01
   1.2005673e+02
   6.4619971e+02
   1.7163522e+02
   3.1246279e+02
   4.6434893e+01
   2.7179603e+01
   3.2407575e+01
   1.9759581e+01
   1.5941885e+01
   1.3622051e-01
   5.3854622e-02
   1.7999802e+01
   3.0072368e+01
   1.3126086e-02
   6.8103352e-02
   2.2157924e-01
   7.2933203e+01
   5.1439748e+01
   5.0775122e+00
   3.6588923e-01
   3.0362863e+01
   3.6056069e+01
   7.9986041e+01
   6.8892008e+01
   2.0566587e-01
   7.0299092e-01
   3.9980708e-01
   1.9532351e-01
   7.7821354e-01
   3.4339242e-01
   3.3484618e-01
   8.6443122e-02
   9.5539588e-02
   1.0761362e-01
   4.3950983e-01
   5.7983493e-01
   5.2374536e-01
   1.2361696e-01
   2.5687554e-01
   1.1413899e+03
   1.0728488e-01
   3.2136721e+02
   8.7326592e+02
   3.0743554e-01
   3.5534648e-01
   2.1266550e+02
   1.1261211e+02
   5.8749977e-02
   1.5359429e-01
   5.2145699e+01
   1.3357094e+02
   1.6979186e+02
   6.0375343e+02
   3.4277121e+02
   3.2125431e+02
   2.5844401e+02
   1.3557010e+02
   9.9661015e+01
   5.5432118e+01
   7.0182929e+01
   5.9287134e+01
   1.0912979e+02
   4.5366879e+02
   2.4110096e+02
   8.5705436e+01
   1.0151043e+02
   3.7448567e+02
   6.6301018e+01
   2.9192441e-01
   2.9803911e-01
   6.0609367e-02
   1.2177854e+02
   9.0421439e-02
   4.7241917e-02
   2.0672552e-01
   1.0477612e+02
   1.1117317e+02
   7.9561336e+01
   3.2665366e+01
   1.1685861e+01
   6.4544014e+01
   9.5862242e+01
   6.2553693e+01
   1.7833774e+02
   5.0325318e+02
   3.4806163e-02
   1.0916022e-01
   1.7014481e-01
   6.7486544e-01
   3.0608025e-01
   2.4193851e+02
   7.6714134e-02
   5.1176632e-02
   1.7333576e-01
   2.8497941e-01
   3.9943212e-01
   1.5756922e-01
   1.4764688e-01
   4.8566773e-02
   1.6916528e+02
   4.5759721e+02
   4.6979256e+02
   4.1728532e+02
   1.8831218e-01
   6.4609475e-01
   3.7123286e+02
   2.4128023e+02
   2.8423390e-02
   1.2790358e-01
   4.3304360e+01
   5.1148434e+01
   5.4910777e+01
   4.9374785e+01
   6.4101454e+01
   1.9890444e-02
   1.1428207e+02
   3.7308336e-02
   2.1519226e-01
   4.0236219e-02
   1.2791639e-01
   1.3687678e+01
   2.5723436e+01
   6.2602660e+01
   1.3247485e+02
   6.9061055e+02
   4.9123209e+02
   4.8442979e+01
   2.2419795e+01
   1.3853268e-01
   3.8005061e+02
   4.2178588e+01
   2.2171550e+02
   1.6859616e-01
   7.6600451e-02
   2.2669484e+02
   1.4839230e+02
   1.8579467e+01
   7.4122306e+00
   2.2178876e+01
   2.8224589e+01
   1.5642826e+01
   1.7492781e+01
   9.8981143e+00
   5.8902985e-02
   2.9163802e+01
   2.0421488e+01
   6.1417711e-02
   3.4129811e-01
   7.6289330e-02
   1.2171626e-01
   9.5549270e+02
   1.1433621e-01
   1.5506084e-01
   7.5243491e-02
   7.4412080e-02
   9.6795155e-02
   8.2884619e-02
   3.0983416e-02
   4.5505176e-02
   3.1864646e+02
   1.0325809e+03
   4.9979620e+02
   3.1365359e+02
   7.8751518e-02
   5.5129549e-02
   7.9248714e+02
   7.3701548e-02
   1.0832243e-01
   3.2385099e-01
   1.2214095e-01
   7.3983162e+01
   6.1273076e+01
   6.7200676e+01
   6.3327307e-02
   8.5621385e-02
   1.0757661e-01
   1.7130438e-01
   4.0946642e-02
   7.6902132e-02
   1.9471230e-02
   3.5292627e-02
   4.1647950e+01
   1.2407025e+02
   6.7465355e+01
   6.6958529e+02
   6.1847028e+02
   1.6033439e+01
   1.2084543e+02
   9.1407876e+01
   4.7168041e+01
   1.1480855e+02
   2.3012058e+02
   1.9570324e+02
   2.6477488e+01
   3.6283177e+01
   1.2697814e+01
   1.2480834e+02
   6.6765360e+01
   6.6850865e+00
   2.5559113e+01
   3.9345626e+01
   7.5288664e+02
   7.2214520e+02
   4.9694053e-01
   1.5578130e+00
   6.3927589e-01
   1.8083248e-01
   1.0576189e-01
   6.9155459e-02
   2.7027632e+02
   3.7636413e+02
   3.7813561e-02
   3.7562097e-02
   1.5234455e-01
   1.4305180e-01
   8.8369348e-02
   1.2989828e-01
   1.1332931e-01
   1.5148874e-01
   7.1289734e+02
   4.2703728e+02
   2.5987541e+02
   1.8442603e+02
   3.7074205e-02
   1.1638366e-01
   1.0141179e-01
   8.2135614e-02
   2.3896679e-02
   2.2509809e-02
   7.7838038e-02
   6.9203913e-02
   9.7434817e+01
   5.4325811e-02
   1.1848474e-01
   3.7022099e-02
   1.9576897e-01
   9.9139204e-02
   9.0849919e-02
   3.2999947e-02
   5.1541137e-02
   1.9362141e-02
   5.1613239e-02
   9.0166238e-02
   4.4001951e+03
   9.4666819e+01
   9.2434784e+01
   1.3818467e+02
   4.6460617e+01
   1.4812117e+01
   1.7780261e+02
   3.7846166e+02
   7.8747288e+01
   1.7748618e+02
   9.4730527e+01
   5.2354731e+01
   9.7180637e+01
   1.0841918e+02
   5.3699601e+01
   3.0741278e-02
   5.0882238e+01
   5.1638375e+02
   6.3865304e+02
   4.4479778e+02
   1.2872389e+02
   9.8648605e-01
   9.7272248e+00
   4.2156516e+02
   5.9883860e-02
   6.9159256e-02
   4.3544428e+02
   9.0583067e+02
   2.2568602e-01
   1.2142183e-01
   3.4347239e-02
   6.7282257e-02
   3.6739754e-01
   4.1776841e-01
   9.9004254e-02
   1.1670138e-01
   7.1676381e-02
   1.9217754e+01
   3.7071043e+01
   1.8223864e+01
   1.8805376e-01
   5.5546658e-02
   1.2080860e-01
   9.1521892e-02
   2.0519985e-02
   1.1901887e+03
   1.0001970e+03
   1.0155988e-01
   6.3108853e-02
   2.7175194e-02
   2.1182812e-02
   3.4236627e-02
   6.9480596e-02
   2.4842801e-01
   1.1186089e-01
   4.1397073e-02
   1.6022967e-02
   7.1224277e-02
   4.9467551e-02
   2.5147088e-02
   4.7964857e-02
   5.3570309e+02
   5.7193914e+02
   4.5017463e+02
   2.9831926e+01
   3.8182167e+01
   1.9795958e+02
   6.3979233e+01
   6.4985605e+01
   8.1256698e+01
   4.2252747e+01
   3.1593646e+01
   5.5465031e+02
   2.8611787e+02
   1.0280670e+02
   1.0950686e-01
   1.2630490e+01
   4.5133292e+01
   8.0694938e+01
   2.4711303e-02
   6.3234934e-01
   1.3514194e+00
   8.7317929e+00
   2.7916001e-02
   5.4858648e-02
   6.4697690e-02
   4.3119523e+02
   4.3731652e-02
   4.8691827e-02
   2.8387285e-02
   2.2026400e-01
   2.6214940e-01
   8.3631801e-02
   1.5717407e-01
   1.0089854e-01
   1.2191110e-01
   9.5201718e-02
   6.3609130e-02
   8.8661703e-02
   3.8575429e-01
   2.4550956e-01
   1.5002192e-01
   1.6107503e-01
   6.8585816e-02
   7.3659104e-02
   3.8583941e-02
   8.3896438e+02
   5.2636799e+02
   7.1019300e-02
   1.2745622e-01
   4.5256591e-02
   1.0021254e-01
   7.7088415e-02
   1.2778889e-01
   4.5879505e-02
   1.7557727e-01
   4.0139359e-02
   8.3671282e-02
   1.3634261e-02
   3.8438831e-02
   2.1122057e-02
   4.1466718e+02
   8.2402090e+02
   4.8508310e+02
   2.2500348e+02
   1.1440706e+02
   2.6352227e+01
   3.5397778e+01
   4.5567011e+01
   4.7089091e+01
   2.4271957e+01
   1.1483081e+02
   1.8085539e+02
   1.4944789e-01
   3.2824555e+02
   8.2217720e-02
   3.9106245e+01
   7.2470261e+01
   2.3461818e+01
   1.5919390e+01
   2.4746209e+01
   1.4369122e+01
   6.7404396e+01
   2.1865022e+02
   5.0300294e+02
   2.5229274e+02
   2.2752984e+02
   7.4394639e-02
   2.4671594e-02
   9.0770038e-02
   6.0965829e-02
   3.5588940e-02
   1.2967513e-01
   1.7250886e-01
   1.0470664e-02
   1.6594632e-02
   2.7773674e-02
   4.5853607e-02
   1.3459214e-01
   5.6309067e-01
   3.7639380e-01
   1.6488621e+00
   3.1528198e-01
   1.1499930e-01
   4.4180296e-02
   1.1186198e-01
   2.0593152e+02
   3.3427064e+02
   3.4155998e+02
   1.9733354e+02
   8.4656679e-02
   5.6572880e-02
   8.4664602e-02
   3.3981000e-01
   3.2134002e-02
   1.4772237e-01
   1.6069235e-01
   1.2765873e-01
   1.2152564e-02
   8.9799263e-02
   9.8700684e-02
   2.6291369e+02
   3.5224042e+02
   2.7283609e+02
   1.7644384e+01
   2.3116993e+01
   9.2066547e+01
   1.3129273e+02
   1.4540562e+02
   7.8186892e+01
   9.8124653e-02
   7.6199764e-02
   5.3679361e+01
   4.0621884e+01
   1.4884077e+02
   6.0401502e+00
   4.9597063e+02
   1.3324151e+03
   7.2865928e+02
   2.8059771e+01
   2.0597714e+01
   8.9210802e+00
   7.3028826e-02
   8.2155276e+02
   6.4072884e+02
   1.4016028e+02
   9.9408336e-02
   1.1739055e-01
   5.0430794e-02
   3.7416022e-02
   1.2168212e+02
   2.0960412e-01
   3.0382069e-02
   3.3263831e-02
   2.9438871e-02
   1.9774062e-02
   1.2008012e-02
   2.1753775e-02
   3.6185147e-02
   2.8289487e-01
   4.7740706e-02
   1.7879308e-01
   2.9279524e-01
   1.1401200e-01
   1.4661233e-02
   2.0350280e-01
   1.7064498e-01
   4.6029856e+01
   3.2327933e+02
   6.3113215e+02
   2.7162566e+02
   1.5640648e-01
   1.3003713e-01
   2.1040016e-01
   1.2065112e-01
   7.9147486e-02
   4.1005328e-02
   2.0392766e-02
   3.2115242e-02
   1.0112898e-01
   3.0445721e-01
   5.7500632e+02
   3.8570067e+02
   4.4367270e+02
   4.3637587e-02
   1.8146813e+02
   1.7112188e+02
   4.4113376e+02
   1.6640623e+02
   1.4043949e-01
   1.0936451e-01
   1.6977339e+01
   7.1103430e+00
   5.6290201e+00
   1.7574439e+02
   2.5982498e+00
   1.9210132e+00
   1.7674523e+02
   5.1014038e+02
   3.8963943e+02
   1.5971309e+02
   3.5260103e-02
   4.9476914e-02
   1.3893426e-01
   2.7994892e+02
   2.2869120e+02
   1.5911455e-01
   1.0738514e-01
   8.3119391e-02
   1.2094757e-01
   1.0312604e+02
   5.8915510e+02
   2.4425384e-01
   2.9251694e-02
   9.2318781e-03
   5.5963551e-03
   5.1258564e-03
   2.7050926e-02
   7.6906342e-02
   5.9338368e-02
   1.1060981e-01
   3.8027396e-02
   1.0800038e-01
   1.1326973e-01
   4.9263552e-03
   3.2092961e-02
   2.9876965e-02
   1.4533382e-01
   3.2159801e+02
   1.3609244e+03
   4.6003826e+02
   2.4550051e-01
   1.8682955e-01
   1.5593618e-01
   1.0376171e-01
   6.4710476e-02
   2.9005056e-01
   7.2635749e-02
   2.2114471e-02
   3.3859312e-02
   2.4600703e-02
   1.9111425e+02
   6.0310779e+01
   6.9071288e+01
   4.8197243e+01
   7.0311427e+01
   2.1606677e-01
   1.2224287e-01
   9.0145289e-02
   1.5343284e-01
   5.7614258e-02
   1.0591691e+01
   5.8854619e+00
   1.0842199e+01
   1.9339448e+01
   3.5433745e+01
   2.0749649e+01
   2.4455899e+01
   1.1141306e+02
   2.4468757e+02
   4.2223260e+02
   2.5713757e-02
   3.8742377e-02
   3.2929152e-02
   9.6445608e-03
   1.8689928e-02
   5.5697749e+03
   1.7334564e-01
   7.9455458e-02
   1.0742084e-01
   2.1206282e+01
   5.2559598e+01
   4.9434786e+01
   2.7630154e+01
   4.7363439e-02
   1.8513626e-02
   3.4477337e-02
   4.0197319e-02
   6.4192915e-02
   3.6029103e-02
   2.0763303e-01
   9.7180657e-02
   4.4780593e-01
   9.8535788e-02
   1.0427302e-02
   7.6605903e-03
   4.1576872e-02
   1.4495719e-02
   3.1117916e-02
   7.5760824e-02
   7.4895521e-02
   7.6383857e-02
   6.3928081e-01
   1.9105917e-01
   2.3493279e-01
   2.0064059e-01
   2.7795373e-02
   1.2904794e-01
   1.2188204e-01
   2.5095996e-01
   9.4654775e-02
   1.7723765e+02
   3.6818914e+01
   7.4766770e+00
   3.8932070e+00
   1.5517132e-01
   1.8134038e-01
   6.3962437e-02
   2.7060228e-02
   8.2373373e-02
   8.3245861e-02
   2.1972053e-01
   1.3113084e+01
   1.6639309e+01
   3.4303001e+01
   3.2339084e+01
   3.4535348e+01
   4.7643160e+01
   5.8840359e+01
   9.1782625e+02
   1.1284908e+03
   8.8302241e+02
   2.0779479e-02
   1.5182386e-02
   1.1171314e+03
   3.7231402e+03
   5.0283333e+03
   1.4765512e-01
   8.8670873e-02
   1.3803329e-01
   2.7755407e+02
   4.9414118e+02
   1.4372537e+02
   1.3682144e+02
   7.0339284e-03
   2.3288184e-02
   4.2904787e-02
   8.4666149e-02
   1.0723710e-01
   1.0922816e-01
   2.1735945e-01
   1.1699517e-01
   4.5227558e-01
   3.0573975e-01
   2.5606120e-02
   1.2185076e-02
   1.9193000e-02
   5.9456843e-02
   1.3102258e-02
   8.3811744e-02
   6.2482107e-02
   3.3680034e-02
   7.9764954e-02
   6.2678946e-02
   4.9836690e-01
   1.0277283e+00
   4.8436802e-01
   5.0098479e-01
   6.1070241e-01
   2.9382135e-01
   6.8171802e-02
   4.5946387e+01
   3.6252289e+01
   1.9198986e+01
   2.9934679e-01
   3.7089265e-02
   1.6484068e-02
   1.8918395e-01
   2.5408271e-01
   1.2910283e-01
   1.4602076e-01
   8.1817710e-02
   2.5173162e+00
   2.8037577e+00
   1.6285556e-01
   1.8215099e-02
   2.3567832e+02
   1.5166742e+01
   3.4183632e+01
   1.6611165e+01
   8.4439514e+02
   1.2584930e+03
   1.0991967e+03
   3.8143110e+03
   2.5506144e+03
   1.0553641e-01
   3.2936129e+03
   9.9057834e+01
   3.6695463e-02
   7.7666743e-02
   1.2074555e-01
   9.4019861e+02
   5.1801461e+02
   1.3594390e+02
   1.8118264e-01
   2.5533683e-01
   6.1181079e-02
   4.8252366e-02
   3.7477526e-02
   2.9229724e-01
   7.3057064e-01
   6.0842822e-01
   6.3252311e-01
   1.4265037e-01
   1.5279762e-01
   1.0478117e-01
   2.5828639e-02
   1.3556161e-02
   5.7758060e-02
   4.5250060e-02
   5.0490751e-02
   4.7820245e-02
   9.1055297e-02
   1.4811479e-01
   3.0563219e-01
   1.0763527e-01
   1.0724290e-01
   8.3445038e-02
   6.2512843e-01
   6.3440634e+01
   8.3685734e-01
   1.2326918e+02
   8.7151956e+01
   7.3537193e-01
   1.9966139e-01
   2.8174032e-02
   2.3200408e-01
   1.1115726e-01
   3.8683727e-02
   2.9748996e-02
   3.5247754e-02
   3.3672849e-02
   4.3206786e-02
   9.5879485e-02
   2.4618809e-02
   1.4059934e-02
   2.4930313e+02
   1.8957780e-01
   1.0328734e-01
   1.3544674e-01
   4.2857689e-02
   3.1104152e-02
   2.1802906e-02
   1.3008910e-01
   4.0075567e-01
   3.0198872e-01
   3.9351401e+02
   1.9905675e+02
   3.0666915e-02
   4.4509313e-02
   1.1353393e-01
   2.4626691e-01
   6.7342790e+01
   4.4919079e+01
   1.3595953e-01
   1.1368276e-01
   1.8965300e-01
   6.2633167e-02
   1.4783909e-01
   1.1014783e-01
   4.8641076e-01
   3.1155653e-01
   3.9088573e-01
   2.0475806e-01
   1.8472417e-02
   1.0716434e-01
   1.8841701e-02
   9.3164370e-03
   6.9796659e-02
   3.5886776e-02
   2.6347688e-02
   1.7703380e-02
   2.4457566e-02
   1.4617795e-01
   1.3620260e-01
   3.4747561e-02
   2.7111585e-02
   7.1312404e-02
   4.0623994e-01
   5.4316310e-01
   9.6619032e-02
   6.1700956e+02
   8.5420660e-02
   3.7827661e-01
   2.0776846e-01
   7.4058508e-02
   3.1129407e-02
   8.7604822e-02
   1.2077296e-01
   1.5468903e-01
   1.1301846e-01
   4.6168777e-02
   1.1737995e-01
   7.9258242e-02
   3.6800329e-02
   2.1270348e-01
   1.1765280e+02
   1.4271110e-01
   5.0610725e-02
   8.0571763e-02
   1.9759632e-02
   1.4932599e-01
   2.0327928e-01
   6.5501902e-02
   1.2505032e-01
   1.9067010e-01
   2.2540521e+02
   1.5941368e+02
   2.5705109e-02
   1.4253032e-01
   2.4566715e-02
   9.8373964e-02
   2.1085055e-01
   2.7062811e-01
   2.1217667e-01
   2.3642355e-01
   7.5006325e-02
   9.6128154e-02
   2.5985465e-01
   1.5866299e-01
   3.2495192e-01
   3.1591796e-01
   3.4713541e-01
   3.9654551e-02
   9.3839222e-02
   2.0520746e-02
   3.5536084e-02
   1.7014560e-02
   2.6143179e-02
   9.0605472e-03
   1.3523637e-02
   1.5720135e-02
   1.5180935e-02
   4.2802764e-02
   8.9427417e-02
   2.7384795e-02
   3.6751066e-02
   3.2903099e-02
   1.3806770e-01
   1.2111276e-01
   1.9885732e-01
   6.2918870e-02
   9.0711376e-02
   2.1873314e-01
   3.6543482e-01
   9.1368727e-02
   2.2159176e-02
   4.5294268e-02
   3.6566708e-02
   1.7094800e-02
   5.9328862e-02
   1.7110004e-02
   6.3131932e-02
   3.7497726e-02
   7.9678098e-02
   1.1934831e-01
   3.1050541e+01
   8.7449372e-02
   1.3382505e-01
   1.4870132e-02
   2.9400601e-02
   1.8005520e-01
   1.0974884e-01
   7.0073366e-02
   8.6265026e-02
   1.2885828e-01
   1.6620947e-01
   3.2199063e-02
   7.4924681e-02
   5.6079885e-02
   1.9038478e-01
   1.5247540e-01
   1.2262015e-01
   4.1647775e-02
   6.3537129e-01
   8.4835697e-01
   7.4855932e-01
   6.8109415e-01
   6.9896113e-01
   3.5853799e-01
   2.7466191e-01
   2.4867418e-01
   7.3573676e-02
   2.9893512e-02
   8.6388437e-02
   8.5678619e-02
   1.1063896e-01
   7.6728672e-03
   2.7664561e-02
   2.5521549e-02
   3.4888449e-02
   3.7076323e-02
   1.9432960e-02
   8.3130775e-02
   5.4273668e-02
   8.0283301e-02
   3.2257629e-02
   3.6881901e-02
   3.4684084e-02
   5.1835950e-02
   9.5565899e-02
   4.7648866e-02
   8.7131300e-02
   1.4947319e-01
   2.3796032e-01
   1.6523921e-01
   3.2251217e-02
   1.7573258e-02
   1.5931889e-02
   5.9423629e-02
   3.2345150e-02
   1.8436252e-02
   6.7342034e-02
   7.3557830e-02
   4.0080540e-01
   2.2543437e-01
   3.7170197e+01
   2.6858658e-02
   2.2128187e-02
   7.0266180e-02
   1.6825194e-02
   5.3678368e-02
   1.6157700e-01
   1.4820309e-01
   1.3588183e-01
   6.0495282e-02
   3.3872493e-01
   2.2744903e-01
   2.0723270e-01
   1.7310873e-02
   1.0206887e-02
   1.4107238e-01
   1.8922617e-01
   1.2221225e-01
   2.7261345e-01
   1.8913496e-01
   2.1725826e-01
   3.6396610e-01
   2.1222995e-01
   2.2874166e-01
   1.5203089e-01
   1.4063260e-01
   9.2406776e-02
   2.0428950e-01
   1.7406737e-01
   9.1632948e-02
   3.2585015e-02
   1.4959759e-02
   1.9737208e-02
   9.1929878e-02
   3.0659670e-02
   2.5341581e-02
   4.1258993e-02
   3.7034400e-02
   1.2778936e-01
   7.2981775e-02
   1.1371976e-02
   1.4959759e-02
   8.4826559e-02
   4.6688395e-02
   2.8789079e-01
   6.5279892e-02
   1.1355471e-01
   1.5662289e-01
   1.1268245e-01
   1.0131560e-01
   2.1761063e-01
   1.1607479e-01
   2.8785442e-02
   3.1555890e-02
   1.0631133e-02
   2.0863312e-02
   2.9716424e-02
   3.6933294e-02
   1.1419714e+00
   1.8430019e-01
   3.4190319e-01
   7.3230576e-02
   3.3083030e-02
   5.6937193e-02
   5.8903747e-02
   2.3022218e-02
   4.6941298e-02
   2.4569630e-02
   5.1582999e-02
   2.7405067e-02
   2.1015214e-01
   1.5669855e-01
   1.4498041e-01
   6.1953913e-02
   1.0052986e-01
   2.5781709e-02
   3.8089566e-02
   1.3851059e-02
   3.2884291e-02
   5.0918685e-02
   4.1696360e-01
   6.2021040e-01
   7.7541011e-02
   1.1722551e-01
   1.0648770e-01
   8.9979764e-02
   6.4593345e-02
   7.9052366e-02
   7.0468860e-02
   1.9254172e-01
   8.0603118e-02
   1.1073801e-01
   6.4582424e-02
   6.5289290e-02
   4.4770175e-02
   1.3229859e-01
   5.9027979e-02
   2.7373256e-01
   1.3417760e-01
   1.7367249e-02
   5.5501143e-03
   4.5168512e-02
   3.5053974e-02
   2.4003687e-02
   3.0965393e-02
   3.9518739e-01
   4.1387663e-02
   1.6993141e-01
   1.4849682e-01
   6.3908077e-01
   2.5210698e-02
   5.2678673e-02
   3.9378389e-02
   3.9846615e-02
   6.8773292e-02
   2.8201994e-01
   8.7869834e-02
   2.4463705e-01
   1.6000597e-01
   2.3451726e-01
   5.8960135e-02
   2.0879907e-02
   4.0764702e-02
   3.5064787e-02
   2.5833791e-02
   1.7366584e-02
   4.0221111e-02
   3.3734899e-02
   1.6827395e-02
   1.9491490e-02
   1.0229294e-01
   9.4352273e-02
   7.5459563e-02
   2.5813215e-01
   5.5994088e-01
   1.6177442e-01
   1.4295084e-01
   1.0732323e-02
   3.0565035e-02
   1.2843839e-01
   1.0698570e-01
   8.9504719e-02
   2.2158862e-01
   1.3822999e-01
   6.2885512e-02
   2.8685062e-02
   1.7366821e-01
   2.3487438e-01
   1.1172231e-01
   6.6141410e-02
   5.9770441e-02
   5.4916416e-02
   2.1692815e-01
   6.0665114e-02
   7.3646815e-02
   8.8928154e-02
   4.4606005e-02
   8.3826366e-02
   6.5746132e-02
   3.2625642e-02
   1.5188906e-02
   3.9229543e-02
   8.0635690e-02
   1.8908226e-02
   1.8622750e-02
   7.8945334e-02
   2.0418783e-02
   2.8557818e-02
   7.2408101e-02
   2.9856681e-02
   2.8948160e-02
   1.7406054e-01
   9.9518331e-02
   8.5687945e-02
   2.5326769e-01
   5.5398957e-01
   1.4228035e-01
   1.8158242e-01
   3.2518313e-01
   4.2364052e-02
   3.7107504e-02
   4.2622832e-02
   2.1851336e-02
   6.5028584e-02
   1.1088273e-01
   6.6163315e-01
   2.7716034e-01
   1.9002932e-02
   3.5009257e-02
   6.7223062e-02
   8.5216346e-01
   9.1544970e-02
   1.1246955e-01
   2.3987592e-01
   9.5127151e-02
   9.5955275e-02
   6.0238763e-02
   1.6440004e-02
   3.1047049e-02
   6.8552878e-02
   1.5199743e-02
   1.7682443e-02
   2.8450181e-02
   1.0331274e-01
   7.2539639e-02
   5.4170337e-02
   1.8600338e-02
   1.1756752e-01
   1.5561105e-02
   4.5909984e-02
   8.0243255e-02
   1.1734513e-01
   6.7682507e-02
   1.1222878e-01
   1.9049839e-02
   5.1911957e-02
   9.5739527e-02
   5.0882508e-02
   7.7256309e-02
   6.2158302e-02
   1.0196681e-01
   9.8490819e-03
   1.2523324e-02
   3.3575240e-02
   6.5614859e-02
   7.6472830e-02
   2.1663892e-01
   9.9980121e-02
   1.1783033e-01
   5.0390940e-02
   1.2648354e-02
   2.1210970e-02
   2.9813259e-02
   6.7029138e-02
   6.4396807e-02
   2.7998735e-01
   7.0193497e-02
   1.1149713e-01
   1.0339930e-01
   1.7271439e-01
   1.2175764e-01
   4.6470883e-02
   4.9550635e-02
   4.4045262e-02
   1.0586680e-01
   2.9045068e-01
   9.7547075e-02
   7.7169381e-02
   3.7759979e-02
   1.9873897e-02
   7.3419641e-02
   5.8049329e-02
   5.6536205e-02
   3.7445789e-01
   5.7301566e-02
   1.4680754e-02
   1.2404075e-02
   5.2371462e-03
   8.0089377e-03
   1.1935028e-02
   4.9697292e-03
   8.0494329e-03
   2.3014937e-02
   2.9203313e-02
   6.9287057e-02
   1.2769054e-02
   2.2518457e-02
   5.7934033e-02
   2.4730360e-01
   8.0240664e-02
   1.0714744e-01
   4.3891942e-02
   1.3072492e-01
   3.9382695e-02
   4.4637816e-02
   8.3031072e-02
   5.6973238e-02
   1.9681672e-01
   8.1665673e-02
   2.2836481e-02
   5.1582334e-02
   6.8338898e-02
   1.5814252e-01
   1.9376571e-02
   5.0236408e-02
   1.6433768e-01
   5.1004141e-01
   1.7588557e-01
   6.8722421e-02
   9.1419478e-02
   3.2948614e-02
   2.2540108e-02
   4.2671298e-02
   2.3154858e-01
   4.4248997e-02
   2.4900424e-01
   1.3289917e-01
   1.0156148e-01
   2.2384094e-01
   1.0368051e-01
   9.4318003e-02
   5.7452397e-02
   2.4598514e-02
   1.2308704e-01
   3.6788610e-02
   8.2792443e-02
   3.0625646e-02
   5.1234664e-02
   5.0518993e-02
   1.5845266e-01
   8.6856494e-02
   2.7107231e-02
   7.8335315e-02
   6.4191588e-01
   1.8151657e-01
   1.2651807e-01
   2.0293705e-02
   1.9137313e-02
   3.1216119e-02
   2.8275959e-02
   4.4409647e-02
   5.4587530e-02
   1.4390961e-02
   7.6122234e-02
   1.6868917e-01
   6.3212230e-01
   1.7277348e-01
   6.4708383e-02
   5.5292160e-02
   8.0454427e-02
   5.6848982e-02
   1.6012832e-02
   3.3138075e-02
   3.0669104e-02
   6.6147276e-02
   9.0629480e-02
   2.2114399e-02
   7.9784452e-02
   1.1672262e-01
   1.5410034e-02
   5.0534814e-02
   3.9568348e-02
   5.4468174e-02
   7.4000399e-02
   1.0822428e-01
   6.0733851e-02
   9.2909254e-02
   3.2795396e-01
   1.4460345e-01
   2.0777019e-01
   6.4764808e-02
   6.3503525e-02
   4.5145943e-02
   2.3567200e-02
   9.2660621e-02
   1.5479105e-01
   7.3764466e-01
   4.7275398e-01
   3.5848315e-01
   4.4043775e-02
   7.3442282e-02
   4.7050423e-02
   1.1047396e-01
   8.0210233e-02
   1.0579868e-01
   4.1485400e-01
   1.3312262e-01
   1.9536315e-02
   4.9773167e-02
   4.6902992e-02
   3.1459732e-02
   2.4416417e-02
   6.7227248e-02
   2.2658992e-01
   6.1911240e-02
   5.5566870e-02
   4.7383009e-02
   1.6851290e-01
   5.1365268e-01
   1.5141556e-01
   3.2689905e-02
   3.3401780e-02
   3.0329381e-02
   2.2327568e-02
   1.8371263e-02
   3.3831951e-02
   9.6819415e-02
   9.7344017e-02
   3.3766770e-02
   4.7074916e-02
   4.9947292e-02
   4.8814860e-02
   5.5866583e-02
   4.1096502e-02
   3.8070188e-02
   3.8383168e-02
   5.4624955e-02
   1.6374968e-01
   5.6570835e-02
   2.1953930e-02
   1.0246075e-01
   4.9798338e-02
   5.3245353e-02
   2.5910213e-01
   1.0097033e-01
