   2.6986039e+02
   2.7868540e+02
   2.9687183e+02
   3.0902841e+02
   1.6907617e+02
   1.0689007e+02
   3.1306351e+02
   1.4097694e+02
   3.0665452e-02
   4.5012241e-02
   6.0287738e-02
   2.0556126e-02
   9.5091640e-02
   3.6701672e+01
   4.1145205e+01
   9.7479473e+00
   1.1516625e+02
   3.0432243e+02
   3.3473711e+02
   1.5282583e+03
   4.6617477e+03
   2.9844900e+03
   6.2740617e+01
   4.1689140e+01
   6.0856581e+00
   1.1195426e-01
   7.2722317e-02
   2.7476995e+00
   1.2707648e-01
   3.2994543e+01
   1.6534133e+02
   1.3992883e+02
   1.3726126e+02
   1.1006878e+02
   1.0724493e+02
   1.6256138e+02
   2.1973267e+02
   3.5369846e+02
   4.8380204e+02
   3.5412053e+02
   2.4058661e+02
   2.3865753e+02
   5.6014383e+01
   5.2522000e+01
   9.3209341e+01
   4.6927532e-01
   2.4549454e-02
   3.1656051e+00
   1.2258651e+01
   2.2794577e+01
   2.5334336e-02
   1.1046933e+01
   4.4602750e+01
   1.3041263e-01
   8.7625069e-02
   2.5354485e-01
   1.7343316e-01
   7.4960786e-02
   1.2123493e-01
   9.8794461e-02
   2.5976996e+02
   2.0950985e+02
   5.3428367e+02
   7.9240923e+02
   6.8665293e+02
   1.4316884e+02
   2.3415207e+01
   3.1653685e+01
   3.1075158e+01
   8.7915621e+00
   2.5415144e-01
   8.4972646e-02
   2.9378842e-02
   1.3394454e+02
   3.7916187e+02
   2.0023313e+02
   5.9134209e+01
   9.8907094e-02
   8.9435453e+02
   9.2350352e-02
   2.2939331e+02
   3.8226301e-01
   1.2365718e-01
   2.4745234e+01
   1.1843153e+01
   7.9551562e+00
   7.7072004e+00
   8.4484563e-02
   5.1256626e-01
   6.6868640e-01
   1.3016805e+00
   7.7076090e-02
   4.5682301e-02
   7.9689154e+01
   2.3370012e+02
   4.3371491e+02
   7.8075423e+02
   2.4331825e+02
   2.3056975e+02
   2.5291851e+02
   5.6704943e+01
   4.5304027e+01
   1.2270951e+02
   2.2017946e+02
   1.7962002e+02
   1.7742230e+02
   1.9753783e+01
   2.5846758e-02
   8.7427075e+00
   5.8907076e+00
   6.5279100e+00
   2.6899256e+00
   1.4468961e+01
   1.3621379e-01
   1.3369545e+02
   2.0680763e+02
   5.1168079e+02
   3.4572662e-02
   3.5833932e-02
   6.6879470e-02
   1.4224001e+02
   8.8285963e+01
   1.4825466e-01
   2.9411366e-02
   1.8502062e-02
   8.8585529e-02
   9.6011928e+00
   3.1647152e+01
   2.5911625e+01
   1.7667961e+01
   1.1336971e+01
   6.0720563e+01
   8.6330136e+01
   2.0891171e+02
   4.1909317e+02
   2.1713980e+02
   1.5901542e-02
   3.9838110e-02
   8.3978553e-02
   8.2097392e-02
   1.7665209e-01
   1.9279246e-01
   1.0437504e-01
   8.6388982e-02
   1.9601213e+01
   1.3596913e-01
   1.4685773e-01
   6.8372814e-02
   4.6145554e-02
   1.8768692e-01
   7.0577782e-01
   7.1197138e-02
   3.9482446e-02
   6.9154770e-02
   8.6077958e+00
   5.8010690e+02
   2.6848986e+02
   1.6776732e+02
   2.8702867e+02
   1.0688069e+03
   1.8926598e+02
   2.3131097e+02
   1.2154651e+02
   2.2560527e+02
   5.2162698e+02
   4.1212711e+02
   5.1282522e+01
   5.1834024e+02
   7.8675869e+02
   2.5587029e+02
   3.9430988e+01
   2.5677685e+01
   6.7336602e+01
   1.0661280e+02
   1.1130151e+02
   1.0482245e+02
   3.7393568e+01
   7.5998629e+01
   1.5746839e-01
   9.1046409e-02
   2.7189882e+02
   5.2466327e+02
   3.1904701e+02
   2.7125325e-02
   2.3722613e-02
   4.3644712e-02
   1.2250852e-01
   2.2104828e+01
   3.0562848e+01
   7.3487248e+01
   1.2816072e+02
   1.8392963e+02
   6.8638230e+01
   4.7619426e+01
   8.4958327e+01
   1.0504628e-02
   3.2569979e-02
   3.4699797e-02
   2.4860971e-02
   7.5172576e-02
   3.1237888e-01
   1.8263775e-01
   5.6893843e-02
   1.5415102e-02
   1.0420251e-01
   1.3598063e-01
   2.7462097e-02
   1.2948417e-01
   2.7686854e-02
   3.3155324e-02
   3.3022347e-02
   7.0167299e-02
   4.8505521e-02
   1.1380716e-01
   1.2451792e-02
   2.7041229e+02
   2.6933830e+02
   7.6316571e-02
   1.7334809e-02
   2.2766436e+02
   3.2518510e+02
   2.7580739e+01
   1.0057016e+02
   5.5624999e+02
   1.7817294e+03
   8.2860716e+02
   1.4341796e+02
   2.3213073e+02
   1.2602002e+02
   9.6439466e+01
   3.0421443e+02
   1.7323206e+02
   1.7629933e+02
   1.2498785e+02
   1.0889396e+02
   2.7886558e+01
   1.6909409e+01
   1.4443794e+01
   3.7988526e+01
   2.2561956e-01
   3.0846426e+02
   1.6147037e+02
   9.2760379e+01
   1.0579820e+02
   2.7384471e+01
   7.6693077e-02
   1.5419031e-01
   4.0847286e+01
   3.7015510e+01
   7.2585606e+01
   9.0525959e+01
   1.1963954e+02
   5.4930304e+01
   1.8573387e+01
   3.4499818e+01
   2.3103101e-02
   1.1130588e-02
   6.5366856e-02
   1.5622157e-01
   4.6885798e-01
   1.3982984e-01
   4.8026098e-02
   1.0972997e-02
   3.9203478e-02
   4.6793394e-01
   1.6991110e-01
   2.9186985e-01
   2.2464020e-01
   1.0194855e-01
   4.2932160e-02
   3.6429521e-02
   3.3328832e-02
   5.9119819e-02
   4.1446930e-02
   7.8552851e-02
   2.0940377e-01
   3.9690668e-02
   4.5172734e-02
   6.8948036e-02
   1.7779462e-01
   3.9734734e+02
   7.8370052e+02
   1.5154713e+02
   4.2300183e+02
   4.1155267e+02
   1.1006057e+03
   5.9522298e+01
   1.3954093e+02
   1.0450557e+02
   1.0658010e+02
   1.0543985e+02
   6.4912781e+01
   1.5059365e+01
   1.0139856e+01
   7.2834887e+00
   8.9256462e+00
   5.6840875e+00
   1.2126576e+01
   1.7449952e+01
   4.3630148e+00
   8.0078418e+02
   4.1193610e+02
   4.6189640e+02
   1.8880272e+02
   6.7956923e+01
   2.5746995e-02
   4.6703479e-02
   2.1734022e-01
   8.4957820e-02
   2.9966389e+00
   9.3870458e+00
   4.2226881e+01
   8.9153076e+01
   5.8987054e+01
   3.4916691e-02
   7.7371119e-02
   3.8935287e-02
   3.1331097e-02
   4.1816989e-02
   9.0183415e-02
   3.3456765e-02
   2.6062742e-01
   8.2294500e-02
   1.6205137e-01
   7.8717927e-01
   3.4316001e-01
   1.4418580e-01
   2.7814871e-02
   4.5862862e-02
   5.3274807e-02
   9.3378703e-02
   1.6910756e-01
   1.4110409e-01
   8.7509257e-02
   3.0710943e-02
   1.5589029e-01
   1.5849162e-01
   1.0714701e-01
   2.8668370e-02
   9.6311240e-02
   1.2915125e+03
   1.2276560e+03
   7.9559394e+02
   3.0250314e+02
   2.2437285e+02
   2.6939322e+03
   1.2920459e-01
   1.4558852e-01
   2.3346446e-01
   6.2529010e+01
   1.0984386e+02
   4.4066467e+01
   6.5780281e+01
   2.5428456e+01
   6.1544399e+02
   2.1474272e-01
   7.8604860e+00
   1.5997560e+01
   9.9591173e+00
   4.8375470e+01
   7.6703285e-02
   1.2186525e-01
   8.0050834e-01
   2.0564447e-01
   1.2138525e-01
   3.6380995e-02
   2.6926550e-02
   9.9266807e-02
   8.7860711e-02
   5.1800571e-02
   1.4687121e-01
   8.9821501e+00
   1.0489119e+01
   8.5047964e-01
   3.4027366e-01
   1.5288721e-01
   4.1988986e-02
   8.4611296e-02
   5.5199726e-02
   1.1166405e-01
   1.6314947e-01
   1.1839502e-01
   2.5823648e-01
   2.4494904e-01
   5.8027113e-01
   3.1222087e-01
   5.0808638e-01
   1.0570624e-01
   7.1706111e-02
   6.6442090e-02
   1.3121142e-01
   1.4375921e-01
   1.7030674e-01
   1.1896576e-01
   1.5545694e-01
   1.0451246e-01
   8.9640065e-02
   1.2939455e-01
   3.4920260e-02
   7.4629202e-02
   5.0962737e-02
   1.5953245e+02
   1.6316885e-01
   5.0917258e-02
   1.4829267e+00
   4.0852450e+02
   5.1768218e+02
   1.6557446e-01
   3.9669972e-01
   4.7270111e-02
   1.2770525e+01
   1.3281249e+01
   1.7731443e+01
   3.9843070e-02
   1.5164280e-02
   7.3941047e-02
   6.2016095e-02
   1.5151921e+02
   7.4863538e+01
   6.1427571e+01
   2.4657128e-02
   1.7264672e-01
   1.7962406e-01
   1.0254359e-01
   1.7437083e-01
   1.5927639e-01
   2.1546980e-02
   1.0553070e-02
   8.3141054e-02
   1.2668898e-01
   2.1971517e-01
   1.0081162e-01
   2.0365128e-01
   3.9541509e-01
   3.2204564e-01
   8.6710659e-02
   3.8316596e-02
   4.6369233e-01
   5.0352472e+01
   5.0158756e+01
   8.0530512e-01
   8.3933090e-01
   1.5383406e+00
   1.2203350e+00
   6.0756695e-01
   2.8807148e-01
   1.0808270e-01
   2.1497861e-02
   2.1025314e+02
   9.6607341e+01
   3.2806613e-01
   2.2683533e-01
   3.0999407e-01
   1.8409847e-01
   2.3657064e-01
   1.1586131e-01
   1.4261614e-01
   3.7384729e-01
   1.0955127e-01
   8.3837593e-02
   1.4005949e-01
   6.4896855e-02
   2.0223058e-01
   6.6892497e-02
   7.8476904e-02
   4.9513996e+00
   3.9771530e+02
   1.5548302e+01
   5.2908091e-01
   1.2335593e+01
   1.3881088e+01
   1.7110820e+01
   9.6784701e-02
   4.5083761e-02
   2.4497384e-02
   5.9710520e-02
   8.6236910e+01
   6.8396399e+01
   1.7875429e+02
   1.9899483e+02
   1.8657452e-02
   2.8453287e-01
   7.1888815e-01
   2.8749898e-01
   2.2186431e-01
   4.7439181e-02
   1.3267057e-02
   8.9398833e-03
   1.5028856e+01
   1.0983712e+01
   1.7322143e+01
   1.4806358e-01
   6.2748728e+02
   4.3360323e+02
   1.8237971e+02
   3.4950344e-01
   2.2523746e+02
   6.4952173e+01
   4.7041883e+01
   4.9241204e+01
   1.5975872e-01
   6.7048006e-01
   5.7387015e-01
   2.3732277e-01
   6.4925285e-01
   1.2524127e+00
   2.7311586e-01
   3.3693432e+02
   2.1176686e+02
   4.4598295e+02
   4.1059640e-01
   2.0617645e-01
   2.6691656e-01
   4.9126947e-02
   2.7056113e-01
   1.5420243e-01
   1.2128498e-01
   3.4288656e-01
   1.1481767e-01
   3.2153693e-01
   3.4562062e-01
   2.2200846e-01
   7.1912809e-02
   1.0589150e+02
   1.0984035e-01
   1.2145295e+01
   9.3971858e+01
   8.9755956e+00
   7.6275148e+00
   1.9947956e+01
   4.0813064e+01
   4.8884833e-02
   3.5094493e-02
   2.7001033e-02
   1.4001533e-01
   7.5562084e-02
   1.1270170e+02
   9.3880299e-02
   2.4387126e+02
   1.6146460e+02
   1.8418907e-02
   5.0918829e-02
   5.4005106e-01
   2.0216091e-01
   7.3180623e-02
   1.8011588e-01
   4.6035608e-02
   4.9513958e+01
   1.3682058e+02
   8.3721730e+01
   6.9089799e+01
   5.7382066e+02
   1.3167056e+03
   8.4906168e+02
   6.3176303e+02
   7.4221925e+02
   6.8020864e+02
   4.8480015e+02
   4.7996222e+02
   2.9368276e+02
   5.4389293e+01
   1.0463827e-01
   1.7560641e-01
   2.0360383e-01
   3.1516883e-01
   1.0531492e-01
   1.6401646e+01
   4.7405660e+01
   7.2492396e-02
   5.2078965e+01
   2.1350617e+01
   1.6065697e-01
   2.4487264e-01
   2.8147922e-01
   9.3833332e-02
   3.7120374e-02
   1.1094656e-01
   2.3961062e-02
   9.0722675e-02
   3.2251116e-01
   1.1081008e+00
   7.1812998e-02
   3.6765532e-02
   2.7933677e+02
   1.3079181e+02
   1.5885261e+00
   6.2355605e+01
   9.4406614e+01
   7.0459232e+01
   2.0043929e+02
   3.3768911e-02
   2.3765238e-02
   2.6794988e-02
   6.6399789e-02
   1.2816682e-01
   1.5167337e-01
   3.0158978e+01
   2.2028169e+02
   2.4922240e+02
   1.6672612e+02
   1.6171985e+02
   4.1969737e+01
   1.2790590e-01
   2.4493243e-01
   1.8642071e-01
   1.4857713e-01
   1.1193032e+02
   2.2925878e+02
   1.5814021e+02
   1.6033258e+02
   6.0982450e+01
   5.9992179e+01
   3.1127602e+02
   4.2244491e+02
   9.6496587e+02
   6.4250063e+02
   3.5906822e+02
   4.7381785e+02
   2.9224439e+02
   1.4771551e-01
   1.9870764e+02
   2.3130379e+02
   2.4837935e+02
   1.8986817e-01
   1.8900323e-01
   1.0571550e-01
   9.0394907e+02
   2.1245447e+01
   3.1804244e+01
   6.2959281e-02
   8.8042048e+01
   6.1041679e-02
   1.1049052e+03
   5.2560209e+02
   3.3291324e-02
   4.6341499e-02
   4.0680665e-02
   6.3545520e-02
   4.5547207e-02
   8.3108518e-02
   7.7387714e-02
   7.2295288e-02
   6.4784599e+01
   3.7010148e+02
   1.9481134e+02
   1.1743567e+02
   1.5513278e+02
   1.7127897e+02
   4.2172084e+02
   1.1716308e-01
   3.0929906e-02
   4.2967587e-02
   1.1186577e-01
   2.2510546e-01
   4.4786092e-02
   1.7698312e-02
   5.0775704e-02
   1.1829135e+01
   1.9709899e+01
   2.4572102e+01
   3.9157299e+01
   1.9519473e+01
   1.4045761e+01
   5.2897536e+01
   1.0916891e+01
   2.8690943e+01
   1.1742491e+02
   4.3819146e+02
   2.5162434e+01
   5.8285845e+01
   1.6692405e+02
   2.3039403e+02
   2.3411470e+02
   1.9039164e+02
   1.6919846e+02
   3.7700673e+02
   5.6371264e+02
   2.0976896e+02
   1.3171879e+02
   7.0039861e-01
   7.0382736e+01
   1.2786871e+03
   3.4374726e+02
   9.2374002e+02
   7.2983987e+02
   3.1131079e+02
   1.5470081e+02
   7.5752093e+01
   1.5727457e+02
   5.3262494e+01
   3.4088437e+02
   1.1891926e-01
   6.1693383e+02
   7.1086997e+02
   1.7101228e+02
   1.2594943e-01
   7.5303861e-02
   7.5792634e-02
   1.2624939e-01
   2.2264732e-02
   7.6193064e-02
   4.5015929e-02
   2.4200923e+02
   4.2053514e+02
   1.1974154e+03
   5.4520018e+02
   6.2481960e+01
   2.3566352e+02
   5.6929888e-02
   5.2591067e-02
   6.3728222e-02
   1.0520758e-01
   3.1432329e-01
   6.5796086e-02
   3.9056725e-02
   1.8435941e-01
   5.9993245e+00
   1.1753741e+01
   1.8470006e+01
   4.0891623e+01
   1.2357421e+01
   8.2582500e+00
   2.5545350e+01
   7.5316245e+01
   4.3753865e+01
   2.8218185e+01
   2.9937594e+01
   4.2941593e+01
   1.8831994e+01
   1.0376502e+01
   1.8201636e+01
   5.9646292e+01
   4.5216797e+01
   1.2837150e+02
   8.8149379e+01
   9.0297644e-02
   5.1447773e-02
   6.8642471e+02
   1.6632163e+03
   2.2352587e+03
   2.8030362e+03
   8.8625960e+01
   2.8497725e+02
   4.0713656e+02
   6.6307607e+02
   5.2812323e+02
   5.0098706e+02
   4.0085945e-02
   3.9292496e+02
   8.6334461e+01
   2.1409148e+02
   8.5274041e+02
   1.9315544e-01
   1.5128182e+02
   1.4561980e+02
   2.6608562e-02
   5.7298711e-02
   1.0106448e-01
   6.7498839e-02
   1.2169177e-01
   1.2199620e-01
   4.7184132e-01
   1.4730221e+02
   3.0852263e+02
   2.5881461e+02
   1.5232182e+02
   9.5700641e+01
   4.4166273e+01
   3.0373481e-02
   7.7391391e-02
   8.5026798e-02
   8.4973252e-02
   2.4673315e-01
   3.2122734e-01
   4.3198066e-02
   4.6738768e+00
   9.6813242e+00
   3.1764777e-02
   4.4716797e-02
   8.1750292e-02
   7.8013747e-02
   1.3243560e+02
   2.3525348e+01
   4.2106374e+01
   2.3569709e+01
   1.0347840e+01
   2.0657573e+02
   2.7309166e+02
   2.5109204e+01
   5.4830145e+01
   1.6662795e+02
   2.0626535e+02
   1.2235869e+02
   2.2539730e+02
   4.2463879e+02
   1.2637019e+02
   1.1625302e+02
   3.2989509e+01
   4.8323278e+01
   7.5958909e+01
   1.8328160e+02
   1.6931049e+02
   1.3594081e+02
   1.7772429e+02
   1.1579685e+02
   2.0116185e+02
   2.8235956e+02
   1.7302303e+02
   5.8040267e-02
   1.5098966e-01
   5.4498377e-01
   2.3231663e+02
   1.4421095e-01
   7.2666714e-02
   1.4799532e+02
   1.7973406e+02
   8.4955516e+01
   9.1035860e-02
   3.3357160e-01
   4.0750096e-01
   1.4552520e-01
   5.3569075e-02
   1.5616249e+02
   1.4156973e+02
   4.0233535e+02
   2.4448017e+03
   2.6888642e+03
   1.0404001e+02
   3.0675165e-01
   7.5419020e-02
   5.5322471e-02
   1.1910243e-01
   9.5885483e-02
   3.4834297e-02
   5.9282645e-02
   1.3255344e+02
   6.0373736e+01
   2.8711865e-02
   4.8803891e-02
   1.8147561e+03
   2.7428527e+02
   2.6282475e+02
   3.2511384e+02
   2.1323895e+02
   8.8268349e+01
   9.7007612e+01
   1.1359703e+02
   1.3476954e+02
   7.2571258e+01
   1.5005357e+01
   3.3829753e+01
   1.2356212e+02
   1.1917869e+02
   4.0566516e+01
   9.4873776e+02
   7.4252390e+02
   2.2367881e+02
   5.6667354e+01
   2.2759134e+01
   3.0132324e+01
   2.2258986e+01
   4.9856464e+01
   1.6474886e+02
   1.5468505e+02
   1.0767801e+02
   4.0177657e+01
   3.2165835e+01
   3.9238752e+01
   5.0036286e+01
   4.2510755e+01
   2.6507360e-02
   6.7109948e-02
   7.6578383e+02
   2.4055721e-02
   4.4793907e-02
   1.4445678e+01
   1.0636342e+02
   9.7527618e+01
   1.1392835e+02
   2.2635893e-01
   6.0380016e-01
   2.2938237e+01
   6.2407045e+01
   4.6394346e+01
   1.0819795e+02
   7.6314475e+01
   4.7651391e+01
   2.3444340e+02
   6.0111188e+01
   1.0604322e+02
   2.7169132e+02
   2.1291116e+02
   1.4272138e+02
   2.9630851e+01
   7.1235585e+01
   1.4595187e+02
   7.3259280e-02
   1.8934921e-02
   9.1437441e+02
   7.3119571e+02
   2.8864251e+02
   1.3255843e+02
   8.5836020e+01
   7.2796131e+02
   2.5966856e+02
   1.3858118e+02
   1.2717093e+02
   2.0419556e+02
   2.7756160e+02
   1.1075323e+01
   1.7364096e+01
   3.2769874e+01
   7.6642583e+01
   1.5904164e+01
   1.7666454e+01
   8.4637168e+01
   9.8226179e+01
   4.5041683e+01
   1.7662676e-01
   3.1281804e-01
   8.1222325e+01
   2.9407105e+01
   3.0665285e+01
   4.5729754e+01
   2.6986543e+01
   5.2226632e+01
   5.5225455e+01
   3.4398580e+02
   1.0627477e+02
   1.0614703e+02
   6.0239428e-02
   1.8421084e-02
   1.5630508e-02
   1.4762001e+03
   3.5610876e+02
   3.7778998e+02
   2.3289939e+01
   2.6015236e+01
   1.0746059e+01
   1.5508842e-01
   4.1395552e-01
   5.4370664e+01
   5.7313921e+01
   4.1230738e-02
   5.9424175e-02
   1.9349875e+02
   2.9161289e+02
   2.3834668e+02
   2.7752809e+02
   2.7880049e+02
   2.8006396e+02
   4.2898282e+02
   5.9773865e+02
   4.3143683e+02
   1.3425689e+01
   3.7613878e+01
   6.7864663e-02
   2.6988580e+02
   4.2843411e+02
   2.6914912e-01
   3.2682761e+02
   1.6090682e+02
   2.6210908e+02
   1.2718576e+02
   4.1241444e+02
   5.6263184e+02
   6.6606982e+02
   6.7079339e+02
   4.7406745e+02
   2.2471417e+02
   1.0550692e-01
   6.4806743e-02
   2.1686497e+02
   1.6591618e+02
   5.9509203e+01
   2.8402122e+02
   1.3190499e+02
   1.4724217e+02
   1.5302962e+02
   4.7542063e-02
   4.6103565e+01
   7.1640854e+01
   5.8991464e+01
   5.4309660e+01
   1.4011411e+01
   1.3498595e-01
   5.3201254e+01
   5.8290306e+01
   2.9304318e+01
   8.9813955e+01
   7.6463397e+01
   9.6281330e-02
   5.2218238e-02
   8.5098318e-03
   1.2349138e-02
   1.1709522e-02
   6.5950478e+01
   9.9493860e+01
   4.7281879e-02
   1.2709643e-01
   6.9993904e+02
   3.4474615e+02
   3.8889640e-02
   1.1848970e-02
   6.0494059e-02
   1.9502375e-02
   1.3727549e+02
   1.3787741e+02
   5.0626368e+01
   2.9440423e+01
   2.5233524e-01
   1.4884736e-01
   1.2384824e+03
   1.1686534e+03
   5.6598641e+02
   3.0489394e+02
   9.3583446e+01
   5.2276340e+01
   5.2036321e+02
   3.2739586e+02
   3.1345149e+02
   3.0493076e+02
   6.8068464e+02
   4.2768628e+02
   7.1921421e+01
   1.4741073e-01
   3.2527271e-02
   2.7426048e+02
   4.5483018e+02
   3.3452020e+02
   4.9930673e-02
   1.1149286e-01
   5.4455171e-02
   3.3619822e-01
   2.5035121e-02
   5.5899965e-02
   9.3501227e+01
   2.4525023e+02
   1.2501657e+02
   2.5155969e+02
   3.9447290e+02
   2.4257896e+02
   4.8313253e-02
   4.0998035e-02
   1.0410676e-01
   1.2683844e+02
   1.8589357e+02
   1.7890019e+02
   3.0080511e+02
   5.9213015e+02
   4.1102192e+02
   4.7892547e+02
   4.0218551e+02
   3.1992413e-02
   4.1274826e-02
   8.1282009e+01
   5.2329515e-02
   2.7070219e+01
   5.8456900e+01
   1.6878543e+02
   5.3921953e+01
   1.5568424e-01
   7.3633669e-02
   5.4771066e-03
   1.1776748e-02
   3.7417425e-02
   3.2989823e-02
   1.8074146e+02
   4.1518930e+01
   1.9808846e-01
   3.9638157e-01
   3.6904351e-01
   6.9576839e-02
   1.1471532e+03
   1.3345080e+03
   3.3507336e-02
   1.3345029e+02
   7.1375962e+01
   1.1398583e-01
   1.4537425e-01
   4.5237453e+02
   5.2764197e+02
   2.4698453e+02
   1.3940755e-01
   2.0751465e-01
   8.1627559e-02
   1.9594845e-02
   1.3246447e-01
   8.9624052e+02
   1.1851275e+03
   2.8802231e-01
   1.4633621e-01
   6.2629622e-02
   8.9682131e-02
   6.6961282e-02
   3.5537583e-02
   9.9164178e-02
   9.7954107e+01
   5.7436186e+01
   7.0291512e+01
   8.3280451e+01
   7.0223772e-03
   1.6612763e-02
   7.9994267e+00
   4.6363431e+01
   6.3740260e+01
   4.6618248e+01
   1.1442360e-01
   2.2601438e-01
   7.7423673e+02
   7.9652389e+02
   6.4321034e+02
   6.8003487e+02
   3.9030479e+02
   3.9318598e+02
   8.2273640e+02
   1.3322424e-01
   1.9051271e-01
   6.4491130e+00
   2.3804908e+01
   1.8952411e-01
   4.9875561e-01
   1.4275226e-01
   6.3226578e-02
   5.3593629e-02
   1.1669589e-01
   3.1918739e-02
   2.6087166e+01
   3.9245954e+01
   6.3549353e+02
   6.3166016e-02
   7.7271441e-02
   1.9886222e-01
   2.5890363e-01
   3.4080986e-01
   3.0344498e+01
   6.6941386e-01
   1.7163492e-01
   2.0734847e-01
   1.7835946e-01
   9.8015916e+01
   5.3451007e+02
   5.9821703e-01
   5.7183303e-01
   8.8192889e-02
   2.4142493e-02
   5.1340196e-02
   2.4928373e-01
   2.7989316e-01
   3.6117288e+02
   2.7520490e-01
   2.6156277e-01
   1.2914147e-01
   5.9898350e-02
   2.4128705e-02
   2.2608060e-02
   6.8655897e-02
   1.5968018e-02
   2.5246463e-01
   2.7512525e+02
   6.9783777e+01
   1.2645056e+02
   9.1124211e+01
   5.0654731e+01
   2.4194791e-01
   1.1878262e+02
   7.5364154e-02
   4.2673475e-02
   8.5867307e-02
   9.9218089e-02
   2.4551517e+03
   4.6129143e+03
   5.1216831e+03
   7.1266234e+03
   3.5018523e+03
   3.0051146e+03
   4.7458775e-02
   9.3878182e-02
   6.4748860e-01
   2.7467438e-01
   2.3532931e+00
   1.4345675e+00
   1.8410960e-01
   1.4949608e-01
   7.4308700e-02
   5.9403081e-02
   1.9765486e-02
   4.9394969e-02
   2.4626047e+02
   1.4254196e+03
   7.0709567e+03
   5.4526656e+03
   1.6070664e-01
   4.4207340e+01
   7.9110058e+01
   5.0869637e-02
   8.1033445e-02
   6.7587423e-01
   1.6826970e+01
   1.1521648e+00
   1.9997145e-01
   1.8479296e-01
   1.0773394e-01
   8.5327891e-02
   4.1123029e-02
   4.2209472e-02
   5.7926488e-02
   4.5592602e-02
   3.7927063e-02
   2.7152782e-02
   4.5925913e-02
   5.5098440e-02
   8.6941089e-02
   4.4214488e-02
   4.3402017e-02
   3.4569831e-02
   5.7217263e-01
   3.2674012e-02
   7.2487580e-02
   1.3590101e-02
   6.3423225e-02
   4.6474320e-02
   4.9974857e-02
   2.3129393e-01
   9.0137270e-02
   1.5312335e-01
   4.3994523e-02
   1.4002142e-02
   4.9040199e-02
   1.5145987e-01
   1.3602177e-01
   9.2474361e+02
   3.6202132e+03
   2.2563869e+03
   2.8637382e+03
   2.5483176e+03
   1.6790348e-01
   1.3377151e-01
   9.7281775e-02
   9.1219513e-01
   2.1328049e-01
   3.2620648e-01
   1.8642231e-01
   5.9403309e-02
   1.2980998e-01
   1.8102382e-02
   2.5650207e-02
   2.1895460e-02
   3.1987321e-02
   2.7673414e+02
   3.7539553e+02
   6.0373239e+02
   4.3092321e+02
   2.2183674e+02
   3.3188641e+02
   7.0120285e-02
   8.1353041e-02
   2.8227925e-01
   5.7641995e-01
   6.4264532e-02
   1.8311376e-01
   9.2856206e-02
   4.0497068e-01
   1.2543268e-01
   5.6182550e-02
   1.7220532e-02
   4.0393108e-02
   3.9136941e-02
   1.4246173e-01
   4.1107861e-02
   2.5884302e-02
   4.0437542e-01
   1.5361398e-01
   6.4544165e-02
   9.3460005e-02
   1.1727063e-01
   8.7004831e-02
   1.9160475e-02
   1.3902255e-01
   3.8097573e-02
   2.9018025e-01
   2.7425778e-01
   1.1629994e-01
   1.3788618e-01
   2.6381585e-01
   7.0522880e-02
   2.0522791e-01
   8.6105018e-02
   3.4027816e-01
   5.6852442e-02
   1.0576295e-01
   1.6035593e-01
   1.6758459e-01
   7.4416892e+03
   2.4217369e+03
   6.4242845e-02
   1.7777556e-01
   1.9789297e-01
   1.7771287e-01
   4.6663886e-01
   2.9833651e-01
   1.0570863e-01
   1.1967466e-01
   2.0469738e-01
   3.6358667e-02
   3.5952359e-02
   3.5882302e-02
   6.8929869e-02
   2.9878998e-02
   4.6215587e-02
   1.1898626e+02
   3.7884586e+02
   4.3463341e+02
   2.4811573e+02
   2.6447220e+02
   5.2871702e-02
   4.9017966e-02
   1.0843701e-01
   3.7687992e-01
   1.9255913e-01
   2.1577538e-01
   5.8159360e-02
   1.0781962e-01
   3.1335783e-01
   3.9767933e-02
   1.8078494e-02
   3.0203661e-02
   4.2716693e-02
   2.6079533e-02
   3.3506574e-02
   1.7918073e-02
   6.5089111e-02
   8.2875886e-02
   1.8716135e-01
   2.6167332e-01
   1.5273238e-01
   9.6897443e-02
   5.9938275e-02
   1.6186292e-02
   3.0174729e-02
   9.2223289e-02
   1.5567698e-01
   1.7738321e-01
   6.2614670e-02
   2.2812690e-01
   1.1246439e-01
   6.2201736e-02
   6.8218912e-02
   2.1360025e-01
   6.8736209e-02
   1.0141195e-01
   3.8591493e-01
   5.1813454e-02
   3.5695071e-01
   1.5253576e+00
   3.5155722e-01
   5.2223371e-01
   2.1864350e-01
   2.0010554e-01
   3.0125906e-01
   6.7422911e-01
   5.8981344e-01
   1.9032506e-02
   6.1484829e-02
   5.7075915e-02
   1.2478914e-01
   3.9118895e-02
   3.7942993e-02
   2.4585583e-02
   6.7298672e-02
   1.3033469e-01
   2.0509825e-02
   4.5962150e-02
   1.3024271e-01
   4.4832381e-02
   2.3318495e-02
   2.7300926e-02
   2.7016236e-02
   2.4553047e-02
   1.4076027e-01
   5.2110468e-02
   5.5410791e-02
   2.4901387e-01
   3.8856055e-01
   1.4774257e-01
   2.3858445e-02
   1.6578001e-02
   2.7202579e-02
   2.7878528e-02
   5.4736304e-02
   2.0076181e-02
   8.0609781e-02
   9.4491367e-02
   1.2548236e-01
   3.7898845e-01
   1.0461036e-01
   9.9871386e-03
   2.0633500e-02
   3.7614761e-02
   1.4194362e-02
   6.5233117e-02
   3.6287872e-02
   1.6192408e-01
   8.0573010e-02
   2.0976053e-02
   2.1436969e-01
   9.7445292e-01
   3.2291820e-01
   3.4033438e-02
   1.5594367e-02
   1.8398453e-01
   4.5240490e-01
   3.2029590e-01
   6.0490394e-02
   4.4713983e-01
   2.3796067e-01
   2.7170406e-01
   3.1031381e-01
   1.2158703e-01
   3.9714399e-01
   1.6079376e-01
   2.5051014e-02
   9.6379869e-02
   1.8455971e-01
   3.7344489e-02
   2.4662135e-02
   2.2337764e-02
   2.2037799e-02
   8.1915961e-02
   4.2141484e-02
   2.1317192e-02
   2.9788766e-02
   2.8392281e-02
   1.0052865e-01
   2.8891165e-01
   1.1559866e-02
   1.9386743e-02
   8.9351117e-02
   4.2293899e-02
   1.1298136e-01
   1.0372429e-01
   6.7428200e-02
   2.7896071e-01
   7.7620298e-02
   7.0350859e-02
   1.6628003e-01
   1.2942139e-01
   2.3280177e-02
   7.9522007e-02
   3.7654507e-02
   5.3625656e-02
   4.2379208e-02
   8.1074096e-02
   1.8868365e+00
   7.9977550e-01
   9.3818446e-01
   2.6567401e-02
   3.0624243e-02
   8.8784304e-02
   3.8325958e-02
   5.5887772e-02
   3.6320276e-02
   4.7000673e-02
   8.1650817e-02
   5.1634284e-02
   1.0860095e-01
   2.2687015e-01
   7.7009625e-02
   5.7776323e-02
   1.0548221e-01
   1.0193672e-01
   9.7862730e-02
   2.0231847e-01
   1.6846929e-02
   3.9131088e-02
   1.7435265e-01
   6.2235649e-01
   3.1626917e-01
   1.6950546e-01
   1.1828596e-01
   1.0682107e-01
   2.4386832e-02
   7.3441436e-02
   1.9871049e-01
   2.1352584e-01
   4.2543305e-02
   3.5756534e-02
   2.2169336e-02
   1.9633127e-02
   3.1568131e-02
   6.2166500e-02
   3.7007573e-02
   9.3502810e-02
   1.8859243e-01
   5.4628535e-02
   2.0253269e-02
   6.5699334e-02
   7.2629086e-02
   4.0004967e-02
   1.3908863e-02
   1.8660604e-01
   1.1921761e-01
   2.8457538e-01
   3.8625746e-01
   2.1865500e-01
   3.1143861e-02
   9.5149078e-02
   3.0023586e-02
   5.0450291e-02
   4.6966673e-02
   1.0731316e-01
   1.3041583e-01
   2.1982691e-01
   9.1094618e-01
   1.6061629e-01
   3.6187312e-02
   1.3543135e-02
   1.6182699e-02
   1.0719297e-02
   1.8206463e-02
   7.4233078e-02
   4.8821164e-02
   1.2142416e-02
   2.5602491e-02
   1.5310331e-02
   2.0094998e-01
   4.6212708e-02
   7.9878613e-02
   1.1665417e-01
   1.9608441e-01
   4.2434672e-01
   7.5658122e-02
   3.1743744e-02
   6.3310388e-02
   1.1493775e-01
   2.0460007e-01
   1.0127939e-01
   6.2167784e-02
   1.5241614e-01
   5.1850986e-02
   4.4061131e-02
   2.2038459e-01
   2.2789831e-01
   8.7151656e-02
   1.0433298e-01
   3.2247505e-02
   7.2156614e-02
   1.9316614e-02
   1.6557789e-02
   5.2578886e-02
   5.9019499e-02
   7.4532647e-02
   2.0611789e-02
   1.3709080e-01
   9.3207792e-03
   9.2774052e-03
   2.8262219e-02
   4.6716469e-02
   2.2185194e-02
   2.8435727e-02
   6.9005719e-02
   2.8168274e-02
   5.3203443e-02
   6.3643651e-02
   4.5424330e-02
   3.0238981e-02
   7.5614976e-02
   1.2590073e-01
   3.3842235e-01
   3.4086144e-01
   2.7907891e-01
   2.5797842e-01
   1.9509593e-01
   4.7984608e-01
   1.2649484e-01
   1.0015357e-02
   4.1596454e-02
   3.1873890e-02
   1.7597872e-02
   9.0467146e-02
   1.2369469e+00
   1.6387893e-01
   5.8714405e-02
   7.6157529e-03
   2.3820889e-02
   2.3274382e-01
   5.2508745e-03
   2.3464571e-02
   1.2329141e-01
   1.0575343e-01
   3.6682376e-02
   2.9896319e-02
   2.2065291e-02
   2.0682595e-02
   5.9996067e-02
   1.1619871e-02
   2.0385557e-02
   6.7406975e-02
   3.4851465e-01
   3.9878426e-02
   7.2052473e-02
   2.4364347e-02
   1.0006722e-01
   1.2805103e-01
   5.1617641e-02
   3.7327169e-02
   2.9161366e-02
   4.2903312e-02
   1.7685816e-01
   1.6599688e-02
   8.8361000e-02
   1.7865542e-01
   5.4919972e-02
   4.7335316e-02
   1.7908391e-01
   7.6669453e-02
   3.5723272e-02
   2.6005752e-02
   5.2818882e-02
   4.2276032e-02
   7.7252609e-02
   6.7686087e-02
   1.1971716e-01
   4.7568710e-02
   2.6169826e-02
   1.5471454e-02
   5.1009182e-02
   1.0657171e-01
   4.6476689e-02
   1.1516614e-01
   2.4267158e-01
   2.8570107e-02
   3.0051079e-02
   9.3245192e-02
   6.7031897e-02
   8.9846193e-02
   6.0938360e-02
   8.3975068e-02
   8.6136889e-02
   9.6857505e-02
   1.5307074e-01
   1.7566226e-01
   4.4472423e-02
   2.0839953e+02
   1.4209005e+02
   6.9543055e+01
   2.4923759e-02
   5.9783600e-02
   2.2528583e-01
   7.6966383e-02
   2.4005114e-02
   9.4298799e-03
   5.6050395e-03
   3.6362247e-03
   4.1970879e-03
   1.0644136e-02
   7.2074124e-03
   2.5373416e-02
   5.0296533e-02
   7.6877374e-02
   3.0074525e+01
   1.2283148e+01
   3.8991736e-02
   2.4133946e-01
   1.5030616e-01
   1.8834796e-01
   4.2152274e-02
   1.6309120e-01
   1.3002311e-01
   3.1702523e-02
   8.2385674e-02
   7.6388937e-02
   2.3810076e-01
   1.9263437e-01
   6.4910763e-02
   2.9176480e-01
   9.3406568e-02
   1.4724605e-01
   4.2222475e-02
   6.9920274e-02
   6.8260049e-02
   9.9888161e-02
   9.9174951e+01
   2.1771781e-01
   6.4205930e-02
   2.1395945e-02
   2.1583241e-02
   4.8430954e-02
   6.4920065e-02
   3.9624869e-02
   5.8912884e-01
   1.8937446e-01
   6.7210701e-02
   6.9981454e-01
   7.0978379e-02
   4.5814576e-02
   5.6833028e-02
   6.7136026e-02
   1.0513266e-01
   6.5714274e-02
   6.1985699e-02
   2.0830062e-02
   2.3685908e+02
   5.3517709e+02
   1.9562378e+02
   1.1846712e+02
   5.7303875e+01
   1.4370787e-01
   7.5035485e-01
   1.9611326e-01
   8.7413705e-02
   7.8600435e-03
   4.5057066e-02
   3.5744258e-02
   2.1391675e-02
   5.1086459e-02
   3.3143857e-02
   3.4229334e-02
   1.6818723e-02
   1.4122172e-01
   1.9786899e+01
   8.7887762e+01
   3.7058180e-02
   2.4775662e-02
   2.0034673e-01
   9.7752783e-02
   1.6613428e-02
   4.4374051e-02
   3.0301877e-02
   2.2041439e-02
   2.3948810e-02
   3.7284532e-02
   1.2637511e-01
   1.1906247e+01
   1.6680387e+01
   3.4494670e-02
   2.3976206e-02
   7.3987216e-02
   5.0787088e-02
   3.6712130e-02
   9.0807816e-02
   6.3768100e-02
   1.7508765e+02
   3.2030125e+01
   1.5185582e-01
   1.4000924e-01
   1.3983973e-01
   5.7472657e-02
   3.1850050e-02
   8.8858763e-02
   1.3995821e-01
   4.4172584e-01
   4.9837098e-01
   1.8497174e-01
   5.9620107e-02
   8.2473316e-02
   6.4422122e-02
   3.8987544e-01
   6.8457289e-02
   1.1924311e-01
   4.7949778e-01
   6.8012724e-02
   1.2626851e+03
   2.6777614e+02
   3.2612493e+02
   2.1910741e+02
   1.2857550e+02
   8.8257570e+01
   8.5790599e-02
   1.1665420e-01
   3.5890987e-02
   2.4990283e-02
   1.2752292e-01
   1.0577733e-01
   2.8902609e-02
   4.7111915e-02
   2.9282768e-02
   1.6864988e-02
   1.8183253e-02
   1.5732400e-02
   1.0951838e+01
   1.2652345e+02
   9.3477929e+01
   4.0708241e-02
   1.6371315e-02
   1.6956744e-02
   7.7820207e-02
   1.5447364e-01
   1.8191283e-02
   4.7127011e-02
   7.8576181e-02
   2.9905990e-01
   3.9431982e+01
   4.1014017e+01
   5.0195284e+01
   1.4363647e-01
   4.5803594e-02
   7.6905107e-02
   6.1893872e-02
   1.4319592e-01
