   1.7582683e+02
   9.0083266e+01
   3.3072983e+02
   4.1918375e+02
   2.3827434e+02
   5.3162306e-02
   2.2052243e+02
   7.9347929e-02
   9.6246275e-02
   7.2808231e-02
   5.0485113e-02
   7.5712586e-02
   7.9067449e-02
   6.8029033e+01
   2.1824260e+02
   1.0920728e+02
   2.1417409e+02
   2.9708347e+02
   1.9372047e+02
   2.5277076e+02
   1.4823620e+02
   1.8282031e+02
   2.4715652e-01
   2.0053201e-01
   5.0417851e-02
   5.0180534e-01
   3.7906764e-01
   1.1113172e-01
   5.6755966e+00
   4.1194329e+01
   2.5569521e+01
   1.8803588e-01
   3.0757997e+03
   4.2487212e+03
   2.4407456e+03
   7.9138496e-02
   2.6870842e-01
   4.5197874e-01
   4.6454069e-01
   3.6038405e-02
   8.1535029e-02
   2.7808597e-01
   2.0242972e-01
   4.8527729e-02
   1.2895718e-01
   3.0141568e-01
   1.9065373e-01
   4.4220923e-02
   1.2869541e-01
   2.3322825e-02
   4.0831106e-02
   1.8126234e+01
   3.1532477e+01
   1.0643271e+01
   7.6300144e-02
   7.9988450e+02
   4.2762900e+01
   9.4282517e+01
   2.1070072e+02
   6.7571354e+01
   2.3179682e+02
   1.8826919e+02
   2.6848844e+02
   5.5147538e+02
   2.5197180e+02
   5.4300399e-02
   2.1359114e-02
   3.9206225e-02
   7.3564349e-02
   4.5626650e-02
   4.5868061e-02
   3.6751803e-02
   1.2602892e-01
   1.1607103e+02
   5.3323215e+01
   1.4514835e+01
   4.3076515e+01
   4.2238344e-02
   3.6474093e+01
   1.3430584e-01
   5.4443709e+02
   2.9960012e-02
   9.9777063e-02
   6.2223344e-01
   1.3150248e-01
   2.6551033e-01
   1.7784135e-01
   7.9555686e-01
   3.4746452e+01
   2.7988407e+01
   9.7158432e+01
   1.7686156e+03
   2.3071709e+03
   2.5969301e+03
   1.3781253e+03
   1.4484519e+03
   1.6641926e-01
   2.5359101e-01
   2.8933519e-01
   1.3749035e-01
   1.9226928e-01
   2.3384852e+01
   5.7440721e+01
   3.8745817e+01
   1.8426258e-01
   9.3315891e-02
   1.2368566e-01
   5.2228979e-02
   8.6970951e-02
   1.8914721e-02
   1.4732849e-02
   2.2121091e+02
   1.4717007e+02
   3.1174986e+03
   3.3983026e+03
   4.7863630e+03
   3.8404449e+03
   7.1011093e+03
   8.6377226e+03
   2.6838472e+03
   7.6823077e+01
   6.0767845e+01
   1.9782783e-02
   3.9385478e-02
   7.9360679e-02
   1.6768830e-02
   6.5543111e-02
   4.1908769e-02
   4.6345697e-02
   3.9017106e-01
   4.0166090e-02
   5.7430770e-02
   2.4836722e+01
   1.5010286e+02
   6.7317862e+01
   2.0603053e+01
   4.9831804e-02
   5.8061894e-02
   1.5721806e-01
   3.6019681e-02
   7.2959567e-02
   1.0065627e-01
   1.9570238e-01
   4.9665349e-02
   1.6817818e-01
   3.0336425e-01
   1.0092387e-01
   5.0541975e+01
   1.7984400e+02
   5.1000817e+01
   8.9960922e+01
   1.6892751e+02
   3.7553526e+02
   1.8682937e+03
   8.2889998e+02
   2.0048883e+03
   1.2969000e+03
   1.2054381e-01
   1.8283842e-01
   1.2505821e-01
   5.9523979e+01
   1.5748232e+01
   2.6950165e+01
   5.4191320e+01
   3.9194333e+01
   3.3025486e-01
   4.8095621e-02
   5.5001496e-02
   2.4115750e-02
   8.1195876e-02
   6.2559809e+01
   1.0166236e+02
   1.7668169e+03
   1.8287677e+03
   2.8858090e+03
   3.7771728e+03
   2.4227327e+03
   2.4071602e+03
   1.1469741e+03
   1.6604116e+02
   1.7161530e+02
   8.5977133e-02
   3.6029721e-02
   2.0973900e-02
   6.4768304e-02
   4.0523860e-02
   2.0685167e-01
   4.0370743e-02
   1.2649781e-02
   5.9823069e-03
   1.3463644e-02
   6.3231065e-02
   8.4200005e-02
   3.8888254e+02
   1.3466071e+03
   5.5063654e-02
   4.4770961e-02
   4.6967279e-02
   1.3693947e-01
   1.6295573e-01
   1.8317815e-01
   1.5670914e-01
   5.6030837e-02
   6.8077323e-02
   5.8024170e-02
   3.6450398e-02
   2.1609876e-02
   9.4843380e+00
   2.1349280e+01
   5.1123117e+01
   7.7469656e+01
   2.1891942e+02
   1.7602809e+02
   9.0048843e+01
   4.8005275e+01
   1.2560594e+01
   1.7729404e+02
   8.1379748e-02
   4.9166776e-02
   1.1681213e+02
   6.6749398e+01
   4.0218923e+00
   5.0608632e-02
   4.4224456e-02
   1.2296033e+02
   3.0863403e-01
   2.3466483e-01
   4.4210715e-02
   1.8658879e-02
   2.9849796e+03
   2.6385557e+03
   5.5821668e+02
   2.0489944e+02
   4.8952911e+02
   6.2513551e+02
   7.1408190e+01
   3.2103370e+01
   1.4562219e+01
   1.1245095e+01
   2.0903028e+01
   2.8852847e+01
   4.3996844e-02
   8.9833628e-02
   7.3854011e-02
   7.0625533e-02
   9.2819447e-02
   5.5143206e-02
   6.4910523e-02
   3.3506670e-02
   3.9010448e-02
   7.8903375e-02
   6.4473287e-02
   1.1747076e-01
   1.7662652e-01
   5.1227266e+02
   8.4236596e-02
   1.0408825e-01
   9.6325016e-02
   1.0599385e-01
   5.3071168e-02
   5.4258549e-02
   1.1202018e-01
   3.1499441e-02
   1.0721757e-01
   1.2809149e-01
   8.3839153e-02
   7.5331271e+00
   2.3491847e+01
   5.0111396e+01
   1.7923808e+01
   9.9298475e+01
   6.0380666e+01
   5.4966856e+01
   1.4339676e+01
   1.1643188e+00
   6.2307685e+00
   3.0759711e+01
   5.0069375e+01
   1.2004995e+02
   2.6206353e+02
   4.9883066e+02
   1.1169096e+02
   5.2022959e-02
   4.2082943e-02
   2.7454187e-02
   9.5801076e+01
   1.8701541e+02
   1.7976939e+02
   2.2469076e+03
   1.0997982e+03
   2.1451055e+03
   1.6233905e+02
   5.8126005e+02
   1.6353616e+02
   1.2244537e+02
   1.1298915e+02
   9.0419539e+01
   2.2975426e+01
   1.6706003e+01
   3.0474577e+01
   3.9076174e-02
   1.2125621e-01
   2.0132894e-01
   1.1066293e-01
   5.4350353e-02
   7.6544956e-02
   2.1417632e-02
   4.3456289e-02
   8.1512472e-02
   1.0826268e-02
   1.8554259e-01
   1.0192211e-01
   2.0457291e-01
   1.4360184e-01
   2.9049113e-01
   2.7255461e-01
   9.6356647e-02
   7.3731350e-02
   5.7235623e-02
   4.4797704e-02
   8.6272175e-02
   4.9318645e-02
   1.3195265e+02
   1.7759824e+02
   1.9829070e-01
   8.6315765e+01
   2.7127795e+02
   9.5221471e+01
   6.5634486e+01
   1.3142447e+02
   1.5577333e+02
   4.1249503e+01
   2.7159642e+01
   2.8578372e+01
   4.6709284e-02
   2.0094898e-01
   1.1309425e+01
   9.8594358e+01
   1.0850597e+02
   2.7924556e+02
   8.2263136e+02
   2.2566678e+03
   8.4161531e+02
   3.9847477e-01
   4.3240108e-02
   1.4981429e+02
   1.7270520e+02
   4.2413234e+02
   1.8161317e+02
   1.4072080e+02
   1.9638506e+02
   7.4608964e+02
   1.7302632e+02
   1.2002190e+02
   4.0790555e+02
   4.1134983e+02
   1.8723638e+02
   1.9465850e+02
   1.3559876e+02
   1.0053937e+01
   2.6264508e-02
   5.3844523e-02
   2.6327988e-01
   9.7152666e+00
   4.2730583e+01
   9.6003877e+01
   1.3775124e-02
   1.6011392e-02
   1.5944336e-01
   1.4395196e-01
   1.8667513e-01
   1.1408677e-01
   1.3308530e-01
   1.3664115e-01
   6.0425939e-02
   2.2675774e-01
   7.0251798e-02
   7.8489763e-02
   1.9104776e-02
   5.0775728e-02
   5.0586823e+01
   1.0651834e+02
   1.0833049e+02
   1.9938000e+02
   1.8850934e+02
   7.6818785e+01
   1.6175957e+02
   6.9578745e+01
   1.3204444e+02
   2.0854683e+02
   8.0390174e+01
   6.1061490e+01
   1.1049093e+02
   1.2759736e+02
   3.0684242e+01
   9.5899865e-02
   1.3094855e-01
   3.8663458e+01
   1.6274035e+02
   4.7580823e+02
   1.0760537e+03
   3.6427475e+02
   4.5633907e+00
   8.7674576e+00
   7.7043695e+01
   2.9137975e+02
   3.6284374e+02
   1.8459225e+02
   2.8314123e+02
   2.2447336e+02
   2.3571873e+02
   1.1529518e+02
   2.1614924e+02
   1.5354758e+02
   1.8258437e+02
   1.6414806e+02
   7.5467494e+01
   3.0798984e+01
   2.0650748e+01
   3.5747675e+01
   6.7959904e-02
   1.1056633e-01
   4.6143083e+01
   8.2366650e+01
   1.0236853e+02
   7.9142590e+01
   1.1071684e+02
   6.2939021e+01
   8.1655774e+01
   7.3980671e+02
   4.6139116e+02
   3.8111864e-01
   2.8917778e-01
   1.2185549e-01
   4.2384732e-01
   1.2890990e-01
   1.4287613e-01
   2.1559234e-01
   1.5953136e-01
   3.6210151e+01
   1.3843179e+02
   2.6423514e+02
   1.1518751e+02
   3.7937392e+02
   2.7404418e+02
   1.6946582e+02
   1.2178484e+02
   2.2582775e+02
   4.8884557e+02
   9.5527916e+01
   9.6653743e+01
   4.3630351e+01
   2.6276563e+02
   3.8860662e+02
   8.1014049e+02
   2.9110220e-01
   4.4886423e-01
   2.4449846e-01
   1.3658993e+02
   6.4382649e+01
   6.5754664e+01
   9.8665700e+01
   9.3320481e+01
   3.0703954e+01
   7.5831094e+01
   1.9279994e+02
   4.1795145e+02
   2.6870751e+02
   4.3423563e+02
   6.6426389e+02
   3.8896077e+02
   3.3441476e+02
   5.6018199e+02
   2.9178163e+02
   1.4931982e+02
   3.7738523e+01
   8.4645165e+01
   4.5082017e+01
   4.4306705e+01
   2.9164015e+01
   3.9596966e+01
   1.5352804e+02
   4.9414165e+02
   3.3222876e+02
   1.5699000e+02
   9.2573789e-02
   5.4186069e+01
   1.0359015e+02
   8.0401479e+01
   7.7128542e+01
   7.8181160e+01
   4.6649098e+01
   7.8213525e-01
   2.0648000e-01
   1.5185836e-01
   1.9233767e-01
   2.7295063e-01
   4.2727463e-01
   3.5848066e+02
   4.6134846e+02
   3.9365104e+02
   7.6420427e+02
   5.4101200e+02
   2.8033712e+02
   1.0979768e+02
   7.0082579e+01
   4.9899496e+01
   1.2493337e+02
   2.6768026e+02
   9.4108056e+02
   6.7176635e+02
   1.7452802e+02
   3.1899633e+02
   1.0886395e+03
   1.0697518e+03
   1.1241717e+03
   2.4170287e-01
   3.4944861e+02
   2.1927565e+02
   4.8198933e+02
   1.0339846e+03
   5.2865525e+02
   1.5279583e+02
   5.3526549e+01
   5.8098602e+01
   5.8571390e+02
   4.7340491e+02
   2.4061703e+02
   3.3279304e+02
   1.8991930e+02
   1.2733791e+02
   2.6164535e+02
   3.0775220e+02
   3.9163524e+02
   5.0572450e+02
   8.6981634e+01
   6.7824686e+01
   6.2155885e+01
   8.0115040e+00
   3.1060268e+00
   8.2493201e+01
   1.1423047e+02
   1.2207843e+02
   1.6822022e+02
   9.8986674e+01
   1.3581201e+02
   5.3092175e+01
   1.1928486e+02
   1.6057434e+02
   2.1256472e+02
   2.4434500e+02
   1.5840712e+02
   1.0312038e+02
   3.3145854e-01
   1.9092526e+00
   9.9786962e-01
   4.6704171e-01
   3.3883969e-01
   1.0272632e+03
   4.0479266e+02
   1.6617128e+03
   1.5391557e+03
   1.2423265e+03
   2.0199697e+02
   1.0952230e+02
   1.2400554e+02
   2.6134905e+02
   2.0374377e+02
   1.8453155e+02
   1.5299922e+02
   2.2970887e+02
   2.5983076e+02
   4.0148610e-01
   7.5686269e-02
   2.5916049e+02
   1.4167292e+03
   2.3679155e+03
   2.3622123e+03
   9.6013929e+02
   7.3199336e+02
   3.9114029e+02
   2.7196081e+02
   1.3751492e+02
   1.7098258e+02
   3.0459061e+02
   2.0171014e+02
   8.3267450e+02
   4.0165983e+02
   4.1409845e+02
   2.2229501e+02
   9.3179501e+01
   9.1589537e+02
   7.0961154e-02
   4.5669310e+01
   1.5601112e+01
   1.8930176e+02
   7.1455208e+02
   5.3319895e+02
   1.0007095e-01
   2.0306456e-01
   3.8531619e+02
   4.4602183e+02
   1.3882621e+02
   6.7954727e+01
   1.0006361e+02
   3.0566572e+01
   4.8526049e+01
   1.1850727e+02
   6.4930213e-02
   8.2031416e+02
   1.1123691e+03
   6.3356591e+02
   6.0886595e+02
   3.1260955e+00
   8.3537408e+01
   1.8751880e+00
   4.9182245e-01
   3.6015409e+02
   3.0851101e+02
   8.6777707e+01
   3.9749059e+01
   1.0738940e+03
   1.0235355e+02
   9.3917486e+01
   8.1812468e+02
   2.4510321e+02
   2.3764597e+02
   4.3647786e+02
   3.0284662e+01
   5.6453656e-02
   6.4254746e+01
   1.6473555e+03
   1.4390981e+03
   1.9112284e-01
   1.5963011e+03
   1.3326893e+03
   5.1461328e+02
   7.8872550e+02
   6.7083424e+02
   8.8949191e+02
   1.2473046e+01
   2.8108596e+01
   7.7072627e+01
   9.1124255e+01
   1.6951140e+02
   1.4415603e+02
   2.2508736e+02
   1.4710670e+02
   7.2172266e+01
   1.3906008e-02
   4.8100101e+01
   1.8817409e+01
   2.2432699e+01
   8.1112432e+00
   5.4602962e+00
   1.0252527e+02
   4.5193599e+02
   1.7369712e+02
   2.6311219e-01
   2.1110816e-01
   2.9619949e+02
   1.0015866e+02
   1.2746289e+02
   6.9724297e+01
   3.1536036e+01
   6.8014647e+01
   3.7034896e+01
   2.7775050e+01
   6.5918359e+01
   3.4754817e+01
   1.0792220e+02
   1.1069611e+02
   2.9120518e+01
   4.3714432e+01
   1.0894983e+02
   1.1722728e+02
   6.6801985e-01
   4.9728478e+01
   4.5490113e+01
   1.8408732e-01
   1.7002080e+03
   5.1220966e+02
   5.7856023e+01
   7.5972763e+01
   3.0084689e+02
   8.8431987e+02
   8.0132379e+02
   5.9969765e+02
   1.0864121e+03
   2.1085130e+03
   5.7953682e+03
   4.9032958e+03
   2.0755277e+03
   2.5437975e+03
   5.6408291e+03
   3.5064554e+03
   3.9704099e+03
   1.5310606e+02
   9.1222797e+01
   7.7334479e+01
   3.1470630e+02
   8.9215771e+01
   2.7666831e+02
   3.1079194e+02
   1.0607363e+02
   3.1505656e+02
   4.0664626e+02
   2.3795373e+02
   5.0633995e-02
   6.2629598e-02
   1.2710524e-02
   5.5693974e+01
   4.1348383e+01
   2.7757206e+01
   1.3246422e+01
   1.5985063e-01
   9.4031764e+01
   2.0839656e-01
   4.9142114e-02
   9.8467087e-02
   3.7038776e+02
   2.5988023e+02
   5.2434331e+02
   2.4540241e+02
   2.0655940e+02
   3.7980147e+01
   3.6449817e+01
   5.4473610e+01
   1.1722056e+02
   1.7357547e+02
   7.6578410e-02
   2.4607703e+01
   9.2241997e+01
   1.2086828e+03
   3.5212093e+02
   3.7257506e+01
   3.0292439e+01
   2.2133096e+01
   1.0309479e+02
   4.1602131e+03
   3.4066713e+03
   1.3039731e+02
   4.0673056e+01
   3.8537769e+01
   1.1494651e+02
   1.3724343e+02
   1.2513920e+02
   2.4669217e+02
   6.4754840e+02
   5.0878582e+02
   1.0325279e+03
   3.5687822e-01
   4.5174207e+02
   1.3657422e+03
   1.2383911e+03
   2.4776061e+03
   4.0126504e+02
   1.9282416e+01
   5.6676780e+01
   3.9218840e+01
   4.9312388e+01
   4.3304141e+01
   1.0228634e+03
   8.7386625e+01
   4.7427164e+01
   3.7590799e+01
   1.2365832e+02
   4.9289380e+02
   1.3702866e-02
   2.0138411e-02
   4.7816725e-02
   3.1879612e-02
   2.2496598e+01
   4.6730313e+01
   2.6683507e+01
   4.0139455e-02
   6.6012206e-02
   2.6830463e-02
   4.8058040e-02
   1.2747384e-01
   8.5265489e+01
   1.6790824e+02
   3.2332256e+02
   1.9722238e+02
   1.1957200e+02
   7.4305920e+01
   5.1003335e+01
   7.5389894e+01
   9.4877009e+01
   7.9739558e+01
   1.5551300e+02
   5.4869247e+01
   1.2668380e+01
   3.7266864e+02
   1.1920842e+03
   8.2332419e+02
   7.2334923e+01
   5.6083218e+01
   8.7445132e+00
   2.8038748e+03
   1.4269452e+03
   1.6036106e+02
   6.4757665e+01
   5.6690482e+01
   6.5921783e+01
   5.3374432e+01
   5.1544656e+01
   1.3419242e+02
   1.5761471e+02
   2.2005157e+02
   1.4382767e-01
   2.2290678e+01
   1.1276959e+01
   2.4671218e+01
   1.9835716e+02
   1.3300011e+02
   9.0056954e+00
   9.1819494e+00
   1.0817890e+01
   7.6631768e-01
   3.1925407e-01
   2.8459823e+01
   1.4186441e+02
   2.2920516e+02
   3.4505752e+02
   4.0438273e+02
   8.3205930e+02
   1.4016869e+03
   4.1105732e-02
   7.5775955e-02
   6.5441933e-02
   9.3858114e-02
   5.3881377e-02
   6.6615538e-02
   1.5256488e-01
   1.0547298e-01
   8.6577466e-02
   9.8556252e-03
   1.2042689e-02
   4.7076488e-02
   1.8486075e+02
   3.8070220e+02
   4.5871651e+02
   1.1785785e+02
   1.0762121e+02
   3.3652145e+02
   2.0285025e+02
   1.6604624e+02
   1.2960279e+02
   2.0614480e+02
   1.3479944e+02
   1.3665813e+02
   4.8929587e-02
   1.3346119e-01
   6.3193339e+02
   8.0436866e+02
   1.2038659e+02
   3.1471197e+02
   1.8835988e+02
   1.0053438e+02
   8.4953654e+02
   1.6994418e+02
   5.8934791e+01
   2.1952809e+01
   1.9043699e+02
   2.4178339e+02
   6.0663157e+01
   2.8604622e+02
   2.4982520e+02
   2.9965830e-02
   2.6366436e-02
   1.1726039e+01
   8.1888480e+00
   8.1916731e+00
   2.0850262e-02
   8.7415619e+00
   6.9629707e-02
   3.2395977e+01
   2.3417477e+01
   4.3557878e-01
   1.0592349e+00
   1.3768784e-01
   2.2164256e-02
   1.0615794e+03
   7.3910965e+02
   9.9088304e+02
   1.2924154e+03
   1.0982880e+03
   1.0024529e-01
   6.3324878e-02
   3.9423118e-02
   2.9258078e-01
   2.4498420e-01
   1.2429565e-01
   1.1551219e-01
   8.3601189e-02
   1.1665390e-01
   2.2148411e-02
   3.0244822e-02
   8.3197203e-02
   2.0641769e+02
   1.7110187e+02
   1.4348561e+02
   3.0396497e+02
   8.4673980e+02
   9.2057755e+02
   7.3291735e+02
   3.2249625e+02
   2.7926729e+02
   4.7907131e+02
   3.7789613e+02
   3.8584847e+02
   1.2586902e+02
   5.4844369e+01
   1.4103186e+02
   5.6626745e+01
   5.8943297e+01
   8.1291693e+01
   9.6618416e+01
   4.7936575e+01
   7.2921210e+01
   1.2264082e+02
   3.1016383e+01
   2.1343141e+01
   5.6103803e-01
   3.3496440e-01
   7.9921719e-01
   1.6030792e-01
   4.7488357e+02
   3.5473691e-01
   1.4750844e-01
   2.0188044e+01
   1.5407173e+01
   1.0177266e-02
   1.4786263e-02
   2.0736093e-03
   1.8408081e-02
   3.0077882e-02
   7.1988054e-02
   2.0454326e-01
   3.7064356e-01
   4.6226815e-01
   1.2007984e-01
   2.0212774e-02
   3.6790647e+02
   2.9553548e+02
   6.4894353e+01
   6.8131912e-02
   4.6817126e-02
   1.8583206e-01
   1.8592132e-01
   9.5904351e-02
   3.3858114e-01
   9.1844498e-02
   7.4989610e-02
   3.0700093e-02
   7.8115482e-02
   2.3043813e-01
   2.9258123e-01
   4.8852261e-02
   2.0719468e+02
   5.2682712e+01
   1.2556106e+02
   2.5560337e+02
   5.2340770e+02
   1.9667603e+03
   1.5434685e+03
   4.4066336e+02
   3.9970953e+02
   2.4272813e+02
   3.5208524e+02
   4.5864892e+02
   5.2060547e+02
   7.6050712e+02
   3.4277004e+02
   1.3574496e+02
   9.4651621e+01
   7.5956756e+01
   5.6471828e+01
   2.2989159e+02
   2.9842105e+01
   3.1537723e-02
   6.5523007e-02
   1.9187594e+01
   4.6071587e+01
   4.1588520e-01
   4.2394548e-01
   2.8940931e+01
   4.5871852e+01
   1.1287678e-01
   1.5485231e-01
   2.4465712e+01
   1.1898839e-02
   2.1562232e-02
   9.2260605e-03
   4.5707628e-03
   1.9959895e-02
   1.3998490e-02
   1.9907834e-01
   1.8097160e-01
   3.1497372e-02
   1.9570031e-01
   1.9961227e-01
   1.9080246e-02
   3.5030194e-02
   1.2333927e+03
   9.7276221e-02
   1.4683943e-01
   4.6843047e-02
   5.9041815e-02
   1.7719316e-01
   1.0103587e-01
   2.6351337e-01
   4.6934053e-02
   8.2408279e-02
   2.3936606e-01
   1.7137197e-01
   4.3867352e-02
   4.9476878e-02
   1.1202781e-01
   2.2385134e+03
   1.9054142e+02
   2.3094857e+02
   9.9901274e+02
   7.7250938e+02
   1.3288665e+03
   2.2182334e+03
   1.8968922e+02
   3.7338261e+02
   3.5546542e+02
   1.9978747e+02
   2.1159286e+02
   7.2320968e+02
   9.9116079e+02
   7.4141083e+02
   4.0828395e+02
   4.5562083e+02
   2.8813586e+02
   2.2109807e+02
   1.4408358e+02
   4.0610220e+00
   1.6481165e-02
   1.5373905e-02
   1.4105485e-02
   4.7243995e+01
   2.5699666e+01
   1.4370524e-01
   1.9526317e+02
   2.1338750e+02
   2.8845483e-02
   1.8589103e+01
   4.6307949e+01
   3.6636087e-02
   6.5870449e-02
   6.9717942e-03
   5.5688865e-03
   2.0138375e-02
   1.0230157e-01
   1.3487333e-01
   1.1016157e-01
   1.5355144e-02
   6.1832391e-02
   4.6306677e-02
   1.4657628e-02
   4.2883172e-02
   2.4519011e-02
   1.0276255e-02
   2.3987044e-02
   8.7394219e-02
   9.3793329e-03
   5.2544683e-01
   6.3147512e-01
   2.4151231e-01
   7.7638548e-02
   1.4976759e-01
   2.1969218e-01
   1.4192977e-01
   1.7835231e-01
   2.3635814e-01
   9.7150442e-02
   2.6454109e+02
   1.0558506e+02
   2.5649611e+02
   5.4655876e+02
   7.1989793e+02
   7.4036798e+02
   1.6903261e+03
   1.3571721e+03
   1.9654357e-01
   3.2569233e+02
   3.1561355e+02
   3.0711617e+02
   4.4970905e+02
   2.3576516e+02
   5.4120066e+02
   2.7466198e+03
   6.1530324e+03
   5.9035788e+03
   2.0467308e+03
   6.9860181e+02
   1.5199381e+01
   3.1598553e+01
   4.1733917e-02
   7.2139875e-02
   1.0994741e-01
   5.8226992e+01
   2.0590831e+02
   1.5590245e+02
   1.2892597e+02
   4.8773862e+02
   1.1408597e+03
   1.2827803e+02
   1.1544686e-02
   3.5995067e-02
   8.3623068e-02
   8.5763358e-02
   5.7542858e-02
   2.8244886e-02
   2.7155353e-01
   1.6534127e-01
   1.1991778e-01
   8.2195739e-02
   1.5012676e-01
   1.0616667e-02
   4.7680629e-03
   1.6408943e-02
   2.6248651e-02
   2.9835018e-02
   2.0638556e-02
   3.6558132e-02
   5.8743967e-02
   1.3749131e-02
   5.4826063e-02
   5.4394590e-01
   3.2858961e-01
   3.4530115e-01
   1.6046453e-01
   1.0463316e+00
   7.2255275e-01
   1.4888938e-01
   6.9913383e+01
   6.4292434e+01
   3.8616699e+02
   7.4798529e+02
   4.7669654e+02
   9.2653353e+01
   1.6493430e+03
   1.5155755e+03
   5.6056662e-02
   1.8654890e-01
   6.0910394e-02
   9.9191178e+02
   1.5235801e+02
   6.5207682e-02
   1.4201349e-01
   1.1001184e+02
   1.1786364e+03
   3.4282792e+03
   3.8082468e+03
   4.8345469e+01
   4.7121049e-01
   1.8107747e+01
   1.3924607e+01
   1.5083950e-01
   8.0453714e-02
   2.5648256e+02
   1.7554740e+03
   1.2269001e+03
   1.4893641e+01
   4.7144286e+01
   5.6502544e+01
   1.3628885e+02
   8.2205755e-02
   3.2509926e-02
   1.2627831e-01
   4.6042951e-01
   2.5541748e-02
   3.0520150e-02
   5.5674447e-02
   6.3430679e-01
   9.8662876e-02
   2.9158577e-01
   1.0771932e-01
   3.9720847e-02
   3.6643404e-02
   2.3495536e-02
   6.0820575e-03
   7.8520968e-03
   4.5824034e-02
   1.6037373e-02
   6.8966226e-02
   1.5233330e-01
   1.9433002e-01
   1.2269113e+00
   9.6735947e-02
   1.2543216e-01
   1.8014029e-01
   1.1044751e-01
   5.2334427e-02
   2.9954448e-01
   5.3397761e+01
   1.3183112e+02
   2.6736037e+02
   4.8618181e+02
   2.5743721e+02
   9.4961891e+01
   1.4349424e+02
   2.0983806e+02
   2.4728405e+02
   8.3433771e+01
   4.9440641e-02
   7.4250728e+01
   2.3274415e+01
   5.5837388e-01
   2.6022136e-01
   1.2668945e+02
   5.4517967e+01
   9.8586309e+01
   9.9794293e+01
   4.5876701e+01
   3.3060677e-02
   9.2745024e-03
   7.6541542e+01
   1.2060330e+03
   8.1803167e+02
   2.1167262e+03
   2.0369347e+03
   9.9860015e+02
   3.6588199e+02
   3.9492277e+02
   2.3158123e+02
   1.9040823e+02
   6.1876687e+01
   5.4989993e-02
   5.7896405e-02
   2.1808952e-01
   2.6228434e-01
   1.2826150e-01
   6.2206816e-02
   2.2649551e-01
   2.9908752e-02
   8.0403713e-02
   9.7916845e-02
   5.9624438e-02
   1.1308082e-01
   3.4669486e-02
   9.8924439e-03
   4.7008644e-02
   2.3050340e-02
   1.9604219e-02
   3.9517885e-02
   5.8958720e-02
   3.5580025e-01
   9.2992361e-02
   5.5407648e-02
   2.6463308e-02
   1.4222158e-01
   2.9470980e-01
   1.1758412e-01
   5.5443341e+01
   7.1034331e+01
   1.0757119e+02
   1.2217970e+02
   4.4058785e+01
   3.4591506e-02
   2.9962501e+01
   2.1399448e+01
   1.2308371e+03
   2.5610558e+01
   5.8271430e+01
   3.7778462e+00
   2.6737380e+01
   5.0495855e-02
   8.5347252e-01
   8.7766076e+01
   2.6695783e+02
   2.4534109e+02
   1.1326069e+03
   1.2364127e+03
   3.6876219e+02
   3.1570840e+02
   3.0598190e-02
   6.9536303e+01
   1.3878675e+02
   1.2848836e+02
   1.8227842e+03
   3.6849416e+02
   4.0483743e+02
   3.1761556e+02
   2.9082400e+02
   1.0475805e+03
   2.4920434e+02
   2.6346487e+02
   3.2559300e+02
   1.3085906e-01
   2.0125711e-01
   1.1822599e-01
   1.5995357e-01
   5.3806810e-02
   7.5779848e-02
   2.6400430e+00
   2.7404266e+00
   3.7205053e-02
   2.2230325e+02
   6.1100899e-02
   2.2250968e-02
   9.3720879e-03
   4.2458819e-02
   1.3113095e-02
   6.9081846e-03
   1.5639846e-02
   3.1540758e-02
   6.5231654e-02
   1.4906902e-01
   2.8122057e-02
   8.0205927e-02
   1.2278223e-01
   8.5572385e-02
   1.3442151e+02
   6.1095845e+01
   5.2784024e+02
   9.0295995e+02
   9.5265967e+02
   2.5825278e+02
   2.3970075e+02
   1.8910066e+02
   1.0843438e+02
   1.0840322e+02
   4.7848714e+02
   5.3634682e+01
   1.0227968e+02
   1.5540230e+01
   1.3407218e+03
   9.6265300e+02
   6.4158785e+02
   7.9206323e+02
   3.4400704e+01
   2.7515495e+01
   2.7042830e+02
   3.5907677e+02
   5.2904849e+02
   9.8753958e+02
   4.7488457e-02
   4.5753221e+01
   2.0404857e+01
   2.4150344e+01
   1.7311654e+03
   1.4186970e+03
   2.0192163e+03
   4.8851618e+03
   3.2000269e+03
   8.1910756e+02
   2.8364597e+01
   2.4647050e+02
   1.9404973e+02
   3.3273411e+02
   1.1168968e+02
   8.5981607e-02
   1.1523887e-01
   1.9756637e+01
   6.6153305e+01
   2.2543766e+01
   2.2179472e-02
   2.1148008e+03
   6.9474865e+02
   1.1581967e-01
   2.3294631e-03
   4.6986957e-03
   2.1853489e-02
   9.4645695e-03
   3.1102676e-02
   3.0118317e-02
   4.0552816e-02
   6.5467380e-02
   4.1048714e-02
   2.3798416e-02
   8.2792719e-02
   1.0682863e+02
   4.0473324e+01
   1.6697458e+01
   2.2474690e+03
   2.2577376e+03
   5.2202951e+02
   5.5712211e+02
   4.6015275e+02
   8.0864245e+02
   1.6433039e+02
   1.0344105e+02
   6.1029062e+01
   3.6863879e+01
   1.2758801e+02
   1.6932198e+02
   2.8062883e+02
   8.1021546e+02
   9.8656640e+02
   9.3576685e+01
   3.8144967e+02
   5.9010963e+02
   6.8207283e+02
   8.2169044e+02
   8.2669529e+02
   9.1250883e+02
   2.9885035e+02
   1.9003602e+02
   1.4562906e+01
   8.1446779e+01
   2.2517197e+02
   3.4850113e+02
   5.1383987e+03
   2.1562183e+03
   8.5464537e+02
   3.9554699e+02
   5.0302432e+02
   2.6801947e+01
   7.3494040e+02
   1.0177972e+03
   1.2526560e+03
   1.5181335e+03
   7.5368536e+01
   7.6780377e+01
   8.7613679e+01
   2.4834680e+02
   9.0432679e+02
   1.7551674e+03
   1.9390891e+03
   2.3929241e+03
   9.7160931e-03
   4.8569844e-02
   8.5860098e-02
   9.9081556e-02
   4.1604413e-02
   8.1176048e-02
   1.3033522e-01
   1.6889081e+02
   9.3812155e+01
   2.7350082e-02
   7.9580741e+01
   1.0878752e+02
   5.3139427e+01
   3.8023925e-01
   9.1167799e-02
   1.7669932e-01
   8.5689409e-02
   2.5332741e+01
   3.5560709e+01
   8.4756250e+02
   1.4460913e+03
   4.3414171e+02
   1.4322931e+02
   5.1854895e+01
   7.3827417e+01
   8.5203016e+01
   2.6901420e+02
   1.5849591e+02
   8.3451866e+01
   1.6684723e+03
   1.2130149e+03
   7.6183735e+02
   2.2343719e+03
   7.7442979e+02
   7.9422904e+01
   8.7235206e+03
   5.0158293e+03
   2.4123486e+03
   1.0558574e+03
   5.3135971e+02
   4.8979704e+02
   4.6031149e+02
   5.4682232e+02
   3.9280319e+02
   4.9456035e+01
   2.3438971e+02
   2.9434970e+02
   3.8219635e+02
   3.1540950e+02
   2.8609900e+02
   1.4381479e+02
   3.9433912e+02
   2.2915159e+02
   1.3172960e+02
   3.9812849e+01
   1.5665362e+01
   2.3177075e+01
   3.0601526e+01
   6.0485276e+03
   3.4934335e+03
   2.1489962e-02
   1.9416755e+02
   2.2848520e+02
   4.0917171e+02
   3.2376902e+01
   1.0441342e-01
   2.9636765e+01
   1.0463057e+01
   2.3667931e+01
   4.8826200e+01
   1.2281709e+01
   9.4016220e+01
   1.9118600e-02
   9.7518443e-02
   1.4712866e-01
   9.7339293e+00
   1.2591190e+01
   5.1253752e+00
   1.0125494e+01
   2.0254112e+02
   2.3312752e+03
   7.6625582e+02
   5.3694568e+01
   3.6525227e+01
   1.3984142e+02
   4.5117002e+02
   2.4954328e+02
   1.9262625e+02
   3.6571035e+02
   5.5041040e+02
   5.1662074e+02
   1.8894339e+02
   4.8527693e-02
   3.8150333e-02
   4.2090400e+01
   4.5676513e+02
   1.2042984e+02
   1.3413015e+02
   1.1456828e+02
   4.6772640e+01
   2.9990273e+02
   2.2634036e+02
   7.1837756e-02
   1.0857811e+02
   2.2593999e+02
   3.4356300e+02
   1.1633282e+02
   2.8955892e+02
   4.0960477e+02
   1.9716138e+02
   7.3575821e+01
   3.2504980e+01
   1.6444374e+01
   6.5848039e+01
   1.0227143e+02
   8.1273946e+01
   9.8988871e+01
   1.1437139e+02
   6.0091678e+01
   8.2645808e+01
   2.0231212e+02
   1.0182189e+02
   2.1454782e+02
   2.2000725e+02
   1.3993228e+02
   3.7584803e+02
   4.5622599e+02
   1.8695322e+01
   8.8239052e+00
   1.2294979e+02
   1.3471984e+02
   1.9636677e+02
   4.7126465e-02
   4.4233806e-02
   2.4904161e-01
   1.5916868e+01
   2.3046738e+01
   2.3606834e+01
   4.2570798e-02
   2.6812429e-02
   4.3157870e+02
   2.2315796e+02
   9.8632329e+01
   3.4741960e+02
   4.1880804e+02
   3.9727982e+02
   5.3598205e+02
   1.4952099e+02
   1.2560017e+02
   4.6636795e+01
   1.7096252e-02
   1.0732052e-01
   1.1026662e-01
   1.0661495e-01
   1.7952315e-01
   1.1351046e+02
   9.8943415e+01
   6.3926153e+01
   4.7260905e+01
   9.2857194e+01
   1.8163210e+02
   2.3754855e-01
   2.1561584e+02
   3.4770134e+02
   3.0756458e+02
   3.6921760e+02
   2.9762113e+02
   6.9419765e+02
   9.6612821e+02
   6.1842878e+02
   2.8757193e+02
   1.6446626e+02
   9.2954594e+01
   9.3913545e+01
   6.8094501e+01
   2.7365273e-02
   4.1772747e+02
   1.4098376e+02
   7.1027944e+01
   8.8964510e+01
   9.0797618e+01
   2.6798730e+02
   4.1482588e+02
   2.0715266e+02
   1.6475438e+02
   1.6097146e+02
   2.0701107e+02
   4.1167684e+01
   9.4095553e+01
   2.3231285e-01
   2.7174373e+02
   3.2285978e+02
   2.9265117e+02
   6.0760762e-02
   1.6635141e+02
   2.7863580e+02
   1.2778115e+02
   8.9023407e-02
   1.7062990e-02
   1.2299983e-02
   2.9182303e-02
   8.9658382e+01
   2.2754515e+02
   3.8922290e+02
   7.3560930e+02
   7.3525217e+02
   1.2409111e+03
   1.2966581e-01
   1.0171727e+01
   4.6741881e-02
   5.0557965e-02
   2.6200911e-02
   3.9601694e-02
   2.5875282e-01
   3.5961707e-01
   1.8756613e-01
   4.1551529e+01
   5.5491529e-02
   4.0911997e+00
   5.8052331e+01
   4.0223500e+01
   5.0524807e+01
   4.1023691e+01
   7.1505988e+01
   3.0889301e+01
   1.7516216e-02
   9.0524727e+01
   2.4374266e+02
   4.8665957e+02
   4.3238615e+02
   1.8950560e+02
   2.0661870e+02
   6.1591661e+01
   1.0054561e+02
   4.0921749e+02
   2.4292743e+02
   3.9216042e+02
   1.4110851e+02
   1.4479612e+02
   1.5974221e+02
   1.0521069e+02
   1.4751592e+02
   2.8634547e+02
   2.2180765e+02
   1.6913890e+02
   1.2864104e+02
   7.3103500e+01
   6.7949259e+01
   5.9783540e-02
   3.7582890e-02
   7.3283570e+01
   9.0306578e+01
   4.5848260e+01
   4.1037447e+01
   3.8326724e-01
   5.2410578e-02
   1.5351890e-01
   7.1131339e-02
   3.9077650e-02
   3.5500645e-02
   3.2950185e-02
   6.7042081e-02
   7.1768216e+01
   7.3662657e+01
   9.8831690e+01
   1.6705222e+02
   1.2078826e+02
   1.1764533e-01
   7.2819998e-02
   1.0103510e-01
   1.5512113e-01
   1.1236867e-01
   8.2455671e-02
   1.0866041e-01
   1.0324795e-01
   1.5198244e-02
   4.5571107e-02
   2.9652088e-02
   2.3588899e-02
   1.7249678e+01
   1.5039723e+01
   1.8595756e+01
   3.2302401e+01
   2.8184512e+01
   4.9950837e-02
   2.2719422e-02
   3.7092990e-02
   1.8621988e-02
   1.9530190e+02
   1.0440232e+02
   5.6428463e+01
   3.2496149e+01
   1.3802693e+01
   1.7703213e+03
   1.7897599e+03
   1.6045950e+03
   1.2509364e+03
   7.0449152e+02
   2.1431872e+02
   7.2862013e+01
   1.2014390e+02
   2.4986116e+02
   1.2718795e+02
   4.3866909e+01
   5.4649989e-01
   4.9361405e+01
   1.8547753e+01
   3.8449681e-02
   2.7222863e-02
   4.1099225e-02
   7.6994758e-02
   4.7154300e+01
   3.5116642e+01
   8.9218198e+00
   2.4456124e-01
   3.8631003e-02
   1.1433125e-01
   1.0871014e-01
   1.2918679e-01
   2.3691362e-01
   1.4283958e-01
   4.1592910e-02
   3.5800658e-02
   6.2889272e-02
   9.4360311e+01
   9.6315552e+01
   1.0443848e-01
   5.7852291e-01
   6.5668309e-02
   5.2702549e-02
   4.4763156e-01
   1.3163320e-01
   6.8086529e-02
   2.2330344e-01
   9.8300860e-02
   8.9650081e-02
   8.2321291e-02
   4.9497029e-02
   2.2810452e-02
   1.8001051e+00
   6.5382734e+00
   1.0300049e+01
   5.7492014e+00
   7.3588723e-02
   3.0763715e-02
   5.4268127e-02
   7.7546007e-02
   5.6782517e-02
   7.1055801e-02
   2.1621377e+02
   6.1645777e+01
   1.1173275e+02
   3.2417320e+02
   1.2456146e-02
   5.8238935e-02
   4.9507327e+01
   1.3902679e+03
   1.8654221e+02
   9.1050003e+01
   2.0947629e+02
   5.3840535e+02
   3.0658544e+02
   5.6946272e+02
   1.1087294e-01
   6.2479421e-02
   1.4065797e+01
   4.0834710e+01
   1.2974407e-01
   1.2630296e-02
   9.1836149e-02
   3.1404759e-02
   2.0326704e-01
   1.1985228e+01
   1.2212315e+01
