   4.1744421e+02
   2.1326626e+02
   5.1932056e+02
   4.2086226e+02
   3.3657278e+02
   8.9229352e+01
   2.3266143e+02
   1.4145895e+02
   1.5193231e-01
   4.0003839e-02
   4.8274331e-02
   1.2896731e-01
   2.0206204e-02
   1.9195478e+02
   1.2162593e+02
   1.2515107e+02
   1.4575659e+02
   1.5115966e+02
   2.0399450e+02
   3.0892436e+02
   1.2429141e+02
   3.0301532e+02
   7.3872039e-03
   2.4898095e-01
   2.9915073e-01
   3.6273493e-01
   1.2586548e-01
   1.9601771e-01
   3.4715605e+01
   7.4092962e+01
   2.7784327e-05
   4.0884930e-01
   5.6356511e+03
   2.4671517e+03
   3.4622325e+03
   3.5447622e-01
   4.0113358e-01
   8.6215022e-02
   2.5446631e-02
   4.5675011e-02
   5.1809718e-02
   2.5486665e-01
   3.3931773e-02
   1.9120228e-02
   1.4018120e-01
   1.7827119e-01
   3.5689251e-02
   8.8023170e-02
   1.0143514e-01
   4.4198648e-02
   5.7879510e-02
   3.2918116e+01
   3.7012400e+01
   5.8017449e+01
   3.1993239e-02
   9.1308565e+01
   8.2714736e+01
   1.6575608e+02
   5.0503970e+01
   3.5851624e+01
   1.5600035e+02
   1.9055180e+02
   2.9481526e+02
   3.5439707e+02
   3.6863613e-02
   5.5412926e-02
   2.6519223e-02
   1.9715309e-02
   1.2250487e-01
   3.4412164e-02
   2.9917397e-02
   4.3987457e-02
   4.8146807e-02
   5.0284956e+01
   3.9871410e+01
   1.5189030e+01
   9.5298910e-06
   9.1884398e+01
   2.1586739e+02
   1.2239169e+02
   1.3352125e+02
   7.6817416e+01
   1.3859486e-01
   2.8797568e-01
   8.3025753e-02
   3.2781981e-01
   2.7357419e-01
   6.2774193e-01
   3.9464224e+01
   5.2283341e+01
   1.0158341e+02
   3.4906637e+03
   2.8180162e+03
   1.0849606e+03
   1.1248093e+03
   2.0023466e+02
   1.9772271e-01
   1.2787441e-01
   1.1290065e-01
   2.9600486e-01
   2.6928775e-01
   1.5119806e+02
   3.2089488e+01
   2.9577319e-03
   3.3520632e-01
   4.9524163e-02
   2.1278454e-02
   5.2884496e-02
   9.7497376e-02
   5.2201459e-03
   3.0103240e-02
   1.0295141e+02
   1.4280288e+02
   1.6254613e+03
   3.7141817e+03
   3.0791957e+03
   3.5958851e+03
   2.8152171e+03
   4.3099699e+03
   2.8162670e+00
   2.2695706e+02
   8.4028195e+01
   2.3387214e+02
   3.6256152e+02
   4.4354964e-04
   1.8745095e-02
   1.5433756e-01
   6.5476050e-02
   6.6932472e-03
   4.8323368e-01
   3.1074046e-02
   4.4050463e-02
   4.6527104e+01
   2.2437693e+02
   4.0539085e+01
   6.0430637e-05
   1.0330547e-01
   6.0324409e-02
   8.7049330e-03
   3.1607971e-02
   1.2568311e-01
   7.0596938e-02
   3.2983651e-01
   7.5901185e-03
   3.6328242e-01
   4.7617894e-02
   9.7272942e-02
   9.3589269e+01
   8.8560582e+01
   8.1262489e+01
   9.8763856e+01
   1.7762461e+02
   7.5791135e+02
   3.4263821e+03
   9.0690077e+02
   2.4673824e+03
   1.9390080e-01
   3.0594384e-01
   1.1930051e-01
   4.8306277e-02
   3.2895563e+01
   1.3434765e+01
   3.2863899e+01
   4.5784747e+01
   1.6444604e-01
   2.7745598e-01
   4.3656981e-02
   2.4870446e-02
   2.1114694e-02
   2.0496148e-02
   5.1196454e+01
   3.8017209e+02
   2.2034744e+03
   3.4545623e+03
   3.0702972e+03
   1.9283034e+03
   1.3060669e+03
   2.9482170e+03
   1.2702783e+03
   5.3155727e+01
   1.4346301e+02
   2.1044303e-02
   3.8686456e-02
   1.8505766e-02
   3.8267765e-02
   1.3716624e-02
   2.7995121e-01
   3.2552333e-02
   2.2802947e-03
   6.5545388e-03
   6.3929316e-03
   7.9811794e-02
   1.0317753e-01
   1.0143893e+03
   7.6921323e+02
   2.1020056e-03
   5.7891806e-02
   8.9824611e-03
   1.8194330e-01
   1.0368387e-01
   2.5124030e-01
   1.4522380e-01
   4.2206976e-02
   1.2944724e-01
   1.8908217e-02
   2.0910270e-02
   6.3441684e-02
   4.6544810e+01
   9.3487531e+01
   7.2318955e+01
   1.7189015e+02
   2.2994227e+02
   1.1710842e+02
   4.6755200e+02
   1.4584035e+02
   1.2516589e+02
   1.6582099e+02
   8.5746081e-02
   1.0822824e-01
   1.8670495e+02
   3.7634206e+01
   5.9240408e+01
   6.4873800e-02
   4.4844050e-02
   1.0940426e+02
   5.2771179e-01
   1.3001898e-01
   2.2801035e-02
   1.2442048e-02
   2.5105551e+03
   1.3967120e+03
   6.0776825e+02
   1.0570793e+03
   1.2632972e+03
   9.8920729e+02
   5.1457769e+02
   4.6689571e+00
   3.3147740e+01
   2.5645191e+01
   9.2479114e+01
   7.4944538e-04
   3.8142714e-02
   1.4088239e-01
   2.6027647e-02
   4.3802203e-02
   7.6258454e-02
   3.1856883e-02
   8.9200436e-03
   9.5587644e-02
   2.2427681e-02
   1.4409249e-01
   2.7115695e-02
   2.1453857e-01
   9.8955953e+02
   3.2392607e-06
   2.6748936e-02
   1.0136408e-01
   8.4317816e-02
   1.3417459e-01
   1.0962044e-01
   4.2278109e-02
   2.3191020e-02
   2.8584818e-02
   1.3364709e-01
   1.7680542e-02
   7.7248616e-02
   1.5003773e+01
   2.6867540e+01
   5.5512572e+01
   3.2380101e+01
   1.8819712e+02
   1.2052180e+02
   1.3163323e+02
   5.3527868e+01
   2.4294205e+00
   1.8785225e+01
   3.3871774e+01
   5.2319951e+01
   5.5808795e+01
   2.3747082e+02
   1.6925836e+02
   2.1715929e-05
   4.4574368e-03
   2.9715187e-02
   6.5294402e+01
   4.6355491e-04
   3.5954823e+02
   3.4888934e+02
   5.7096605e+03
   1.7353451e+03
   4.6682153e+03
   1.9829322e+02
   7.0664290e+02
   2.8115772e+02
   6.6034656e+01
   5.7639810e+01
   3.2885822e+01
   1.8464184e+01
   2.2117642e+01
   4.5423231e+01
   8.6525979e-02
   2.2565271e-01
   1.8762616e-02
   3.0743879e-02
   8.1158332e-02
   3.0349585e-02
   2.3829646e-02
   6.0299928e-02
   3.1595846e-02
   6.1241625e-03
   5.7811584e-01
   1.0949686e-01
   2.1761340e-01
   1.8747980e-01
   2.1222547e-01
   4.4468147e-01
   6.7368228e-02
   1.6739599e-01
   1.7373629e-02
   1.2541575e-01
   9.3331161e-02
   6.8130799e-02
   1.7380534e+01
   1.4676371e+02
   2.1552844e-01
   1.6619348e+02
   4.3132606e+02
   9.9389174e+01
   9.5322571e+01
   1.0272776e+01
   9.9034831e+01
   6.4623528e+01
   1.5963761e+01
   1.5244454e+01
   1.5275096e-02
   3.3718925e-01
   5.4792917e+01
   2.4866484e+02
   2.0868724e+02
   6.8826712e+02
   9.1198623e+02
   1.9625686e+03
   6.3236280e-03
   1.8837271e-01
   8.1639428e-02
   1.0334341e+01
   3.0942708e+02
   3.2269634e+02
   1.8731938e+02
   5.0472206e+02
   3.6146669e+02
   7.8534030e+01
   5.0340931e+01
   1.8654627e+02
   4.6626942e+02
   1.3825271e+02
   1.0594798e+02
   1.6730034e+02
   5.7598936e+00
   3.7506397e+01
   1.5820297e-02
   3.9014960e-01
   1.2209735e-01
   1.7928674e+01
   1.8988281e+02
   4.2921703e+01
   1.3189030e-02
   2.0674701e-02
   2.0803661e-01
   3.6555881e-02
   3.0510781e-01
   2.1249436e-01
   6.1253397e-02
   7.7078650e-02
   3.2363877e-01
   1.6682275e-01
   2.8467780e-01
   2.8528021e-02
   1.5183330e-02
   9.3650904e-02
   3.9790769e+01
   9.7886958e+01
   6.0361954e+01
   2.3351944e+02
   3.3401377e+01
   1.0092987e+02
   1.4990953e+02
   8.8676350e+01
   1.0223480e+02
   1.7716969e+02
   3.3294659e+01
   4.5526935e+01
   1.2284351e+02
   9.2388255e+01
   1.5112979e-02
   5.8636123e-02
   2.9525224e-01
   8.0451925e+01
   2.5629288e+02
   2.8179596e+03
   1.3249935e+03
   2.2278133e+03
   5.1609187e+00
   2.0316854e-02
   1.5254092e+02
   5.5434181e+02
   9.9433733e+01
   2.3453437e+02
   3.1701767e+02
   2.6030311e+02
   3.2765948e+02
   2.5348667e+02
   1.5460148e+02
   1.3719190e+02
   1.2046358e+02
   1.2388254e+02
   4.7108056e+01
   1.2205329e+01
   7.8340845e+01
   3.3931406e+01
   1.9182016e-02
   2.5247046e-01
   8.0836649e+01
   7.1795983e+01
   1.3025313e+02
   4.1824225e+01
   1.4948447e+02
   8.3345201e+01
   2.3877078e-02
   5.6743006e+02
   2.3952417e-02
   4.6647511e-01
   1.5151864e-01
   8.3111427e-03
   7.6917456e-02
   2.8518696e-01
   2.5381140e-01
   7.0576277e-02
   1.4654100e-01
   1.7030255e+02
   1.2810795e+02
   1.3072918e+02
   9.6035707e+01
   1.1933876e+03
   5.9198023e+01
   1.2286553e+02
   2.7916926e+02
   4.1249555e+02
   1.0249913e+03
   1.2118317e+01
   1.8819924e+02
   4.9251638e+02
   2.5255192e+01
   6.8929383e+02
   3.1259254e+02
   2.7149100e-01
   4.0594894e-01
   5.4009862e+01
   2.7806650e+02
   1.0543180e+02
   3.1967037e+00
   3.6560469e+01
   7.4748721e+01
   4.0692284e+00
   7.9497821e+01
   2.2984791e+02
   1.9004919e+02
   1.9699399e+02
   2.4109273e+02
   4.0924235e+02
   2.4602581e+02
   4.9118737e+02
   5.5408456e+02
   2.5920546e+02
   8.6044846e+01
   3.8169926e+01
   1.1231317e+02
   3.8069837e+01
   2.9538594e+01
   2.5605673e+01
   4.1235975e+01
   6.5211397e+02
   4.8394517e+02
   1.5210239e+02
   1.5923784e+02
   6.9487570e+01
   8.7241484e+01
   1.0117857e+02
   1.6838015e+02
   4.6155950e+02
   7.5876560e+01
   6.3561443e-03
   1.5959225e+00
   2.5634815e-01
   1.2644927e-01
   1.1154599e-01
   4.5509986e-01
   8.6390566e-01
   5.3839150e+02
   3.6260196e+02
   2.9664343e+02
   2.8441189e+02
   5.0438230e+02
   5.1767650e+01
   7.6545479e+01
   1.2513134e+02
   4.7638744e+01
   2.8012133e+02
   9.2106940e+02
   1.0114763e+03
   1.2267474e+02
   2.1482415e+02
   5.8773850e+01
   7.1357108e+02
   5.6608476e+02
   6.8168816e+02
   7.6027564e-01
   6.0510032e+01
   2.2939764e+02
   5.3401277e+02
   3.6670803e+02
   1.1418457e+02
   4.7214698e+01
   2.8006970e+01
   3.9728634e+01
   1.4031632e+03
   4.9627039e+02
   9.6730266e+01
   3.2275902e+02
   1.4285605e+02
   4.2306202e+02
   3.6698379e+02
   1.8240455e+02
   3.9265341e+02
   4.5641661e+02
   2.6468149e+01
   7.8728796e+01
   1.4364490e+01
   1.1279974e+01
   1.0613738e+01
   4.9688807e+02
   2.3048040e+02
   3.4074836e+02
   2.6845782e+02
   9.5605764e+01
   5.4748979e+01
   1.1285851e-02
   3.6128298e+02
   3.4854993e+02
   1.6854566e+02
   1.7762971e+02
   8.8336309e+01
   3.8178951e-01
   3.2898794e-02
   3.6563990e+00
   1.2176522e-01
   6.5856909e-01
   4.6051290e-02
   4.7911819e+02
   6.4622673e+02
   2.1164447e+03
   7.0756951e+02
   1.2743192e+03
   1.0298765e+02
   7.6991647e+01
   6.9252574e+01
   2.7510517e+02
   8.5315873e+01
   2.5981442e+02
   1.8476116e+02
   1.7022521e+02
   2.6033633e+03
   4.2820426e-01
   1.8060235e+03
   4.9009380e+02
   1.6186212e+03
   4.8800561e+03
   2.3759029e+00
   8.0977506e+02
   4.4527814e+02
   2.4660627e+02
   3.1634225e+02
   2.1129293e+02
   1.3868963e+02
   3.5966168e+02
   5.5973188e+02
   1.4318033e+03
   6.5632771e+02
   1.6128047e+02
   3.5012797e+02
   6.2165321e+00
   1.9722467e+03
   1.0375175e+03
   5.2693266e+00
   5.1752982e+02
   7.2481730e+02
   2.2639296e+02
   2.4140659e+02
   2.1355330e+00
   3.0924197e-01
   7.1927072e+02
   2.7502431e+02
   2.6158626e+02
   2.3820436e+02
   6.0819745e+01
   1.6741957e+01
   9.6689288e+01
   4.0499779e+01
   8.4573038e+02
   9.5185924e+02
   1.1168391e+03
   5.6722967e+02
   4.5667236e+02
   4.4187774e-01
   1.5927203e+02
   1.2267517e+00
   2.6274594e-02
   2.7034417e+03
   1.8509783e+02
   4.2099311e+02
   2.7567888e+02
   1.4068434e+03
   4.7247059e+02
   1.6832179e+02
   3.8460085e+02
   3.4139297e+02
   4.8171148e+02
   2.7324331e+02
   1.8596133e+02
   5.0260078e+01
   1.8415145e+02
   8.2543725e+02
   4.3439837e+02
   3.6165747e-01
   8.8991606e+01
   9.9429656e+02
   2.0562800e+03
   1.5004475e+03
   7.5142235e+02
   8.2703343e+02
   1.6602249e+01
   1.7744556e+01
   9.0585814e+01
   1.2073114e+02
   9.5346573e+01
   1.1826683e+02
   2.7617138e+02
   1.1911796e+02
   6.5530705e+02
   7.3292794e+01
   3.5012234e+01
   2.0269716e+01
   3.5767567e+01
   7.6904352e+00
   7.6413094e+00
   8.7692463e+02
   8.0516329e+02
   1.3208942e+02
   4.5723968e-02
   7.1590250e-02
   2.2879897e+02
   8.6706705e+01
   6.2981352e+01
   3.6683953e+02
   2.0323419e+01
   6.9574439e+01
   2.9033195e+01
   3.9229894e+01
   3.9470658e+01
   4.4044992e-02
   2.9961782e+02
   1.9916649e+02
   1.2628893e+01
   4.0749455e+01
   2.6189970e+02
   5.4541012e+01
   1.7956609e-01
   8.7073161e+01
   2.3169259e+01
   1.4586289e+01
   2.1545469e+03
   5.8276621e+02
   6.9432543e+01
   1.2293784e+03
   3.0592091e+02
   4.4885154e+02
   5.4721668e+02
   7.2940236e+02
   4.1074417e+02
   3.6145113e+03
   4.3941499e+03
   4.2100768e+03
   6.3605321e+03
   7.1573806e+03
   8.6912130e+03
   3.7440364e+03
   3.3212968e+03
   1.9209286e+02
   5.2422297e+02
   1.2782059e+02
   2.0324498e+02
   6.4352986e+01
   1.8240951e+02
   1.9257447e+02
   4.3557922e+02
   3.5481677e+02
   3.4971298e+02
   8.0621993e+01
   1.7059177e-02
   2.6212021e-02
   8.4792230e+00
   2.5513618e+01
   2.7049186e+01
   2.9775178e+01
   2.8234797e+01
   4.9581029e+02
   3.9202869e+02
   1.4446559e-01
   2.0897100e-02
   6.6278928e-02
   1.9962380e+02
   7.6511235e+01
   9.6971292e+01
   1.8296761e+02
   3.5022932e+01
   2.5368560e+01
   3.2146362e+01
   8.0032807e+01
   1.2420257e+02
   3.9406561e+01
   2.1605014e-01
   1.1352747e+02
   8.7212009e+01
   1.8543476e+03
   3.5445912e+01
   7.8666080e+01
   9.4175528e+00
   6.2837807e+01
   1.8529865e+02
   1.5707206e+04
   6.2675519e+03
   1.5867744e+01
   1.5372750e+01
   7.1130435e+01
   2.3835368e+02
   4.5188677e+02
   5.7465985e+02
   1.0826675e+03
   3.0042033e+03
   1.3210230e+03
   1.4886234e+03
   4.9165286e-02
   1.3176641e+03
   1.6618821e+03
   1.7688689e+03
   2.0679833e+03
   1.2038866e+03
   1.8391847e+01
   6.6772093e+00
   4.8052460e+01
   9.9576492e+01
   9.1601118e+01
   1.3660635e+03
   6.4301252e+01
   1.2025746e+01
   1.3975456e+02
   2.9790084e+02
   3.5266640e+02
   1.7120097e-02
   5.6838946e-02
   9.0023035e-02
   3.0459918e+01
   3.2737039e+01
   5.2195452e+01
   3.6996389e+00
   5.0051922e-02
   1.3563570e-01
   5.7719450e-02
   6.5258105e-02
   2.4997415e-01
   6.6621978e+01
   2.0163076e+02
   3.4352077e+02
   1.8604912e+02
   5.5082368e+01
   5.0923586e+01
   2.3558018e+01
   1.5321258e+02
   1.0692095e+02
   1.1040019e+02
   1.6955585e+02
   1.1199723e+01
   5.1971219e+02
   1.4822309e+03
   1.2898162e+03
   3.1831550e+01
   1.1123399e+02
   6.7058390e-01
   2.4105407e+01
   2.9116441e+03
   1.9236997e+01
   3.3064143e+02
   3.0155963e+01
   3.6429983e+01
   1.4803825e+02
   3.9457467e+01
   1.7250360e+02
   2.0632732e+02
   1.9243593e+02
   3.9490825e+02
   4.6067828e+02
   1.2966897e+01
   5.9025311e+02
   3.9961195e+02
   1.3815932e+02
   1.9785630e+02
   2.1399505e+01
   8.6532234e+01
   1.6638930e+01
   4.4460134e-01
   4.6756575e-02
   7.2867701e+01
   1.3175546e+02
   1.6557518e+02
   2.2559469e+02
   2.4660499e+02
   1.2249244e+03
   5.2052039e+02
   2.2156440e-02
   1.4265675e-01
   3.6890771e-02
   5.0701052e-02
   4.2345918e-02
   1.5632414e-01
   1.5563796e-01
   1.0546987e-01
   6.0534887e-03
   2.1391475e-02
   1.2505690e-02
   9.9064991e-02
   1.3472286e+02
   5.9617835e+02
   1.5686972e+02
   1.5277013e+02
   4.5882571e+01
   2.2995074e+02
   1.3513838e+02
   1.5206885e+02
   4.2539444e+01
   1.3033156e+02
   1.2388803e+02
   1.0907897e+02
   2.6964953e-03
   1.4415278e-01
   5.3692463e+02
   8.7164505e+02
   2.4428079e+01
   2.7068323e+03
   2.6047732e+01
   1.5970144e+02
   1.3055789e+02
   7.0006022e+01
   3.4854222e+01
   1.2112750e-02
   4.8797958e+02
   2.3565903e+02
   5.9848300e+01
   2.1066664e+02
   2.6560173e+02
   1.0528763e-02
   1.1545857e-01
   1.3995483e+01
   4.5603906e+00
   3.1825156e+00
   9.9512628e-01
   6.0816830e+00
   9.6494154e+00
   1.6236202e+01
   8.2532469e+00
   7.3398455e-01
   1.3711734e+00
   4.4928629e-02
   2.1792115e+03
   3.6566200e+03
   1.8967680e+03
   7.1515367e+02
   2.3249990e+03
   1.4034911e+03
   1.1173894e-01
   1.5481989e-02
   2.6762733e-02
   1.9534985e-01
   9.3449602e-02
   6.7321473e-02
   7.2607701e-01
   2.5228690e-02
   7.1407289e-02
   2.8079378e-02
   3.3285998e-02
   3.4143425e-02
   1.7550769e+02
   2.9187707e+02
   1.1519367e+02
   5.2191827e+02
   8.7186685e+02
   1.7057469e+02
   3.6424106e+02
   1.0083490e+02
   3.4925757e+02
   3.9932624e+02
   1.0078914e+02
   1.0371090e+03
   9.4507344e+01
   2.4925437e+01
   4.3783946e+02
   2.5563205e+02
   2.3398377e+02
   1.5929420e+02
   8.8621735e+01
   5.6581966e+01
   2.3597819e+02
   4.1424556e-05
   7.4613705e+01
   3.9891572e+00
   2.8538304e-02
   5.2056234e-01
   6.8692174e-02
   2.5685337e-01
   1.0135649e-05
   7.8098455e-02
   1.9254169e-01
   3.1851941e+01
   1.0592590e+01
   1.7148739e-02
   1.3637625e-03
   3.0737560e-03
   2.1559121e-02
   1.7739416e-01
   1.0495309e-01
   8.3278969e-01
   1.2487709e+00
   1.2497529e-01
   4.1878381e-02
   1.8973545e+02
   4.4321095e+02
   1.8903450e+02
   2.4366991e+02
   2.1200793e-03
   6.2415495e-02
   1.8947057e-01
   4.0527762e-02
   1.0918261e-01
   1.1450689e-01
   6.6341949e-02
   9.8684409e-02
   6.1842780e-02
   1.1153142e-01
   4.0170583e-01
   1.8300755e-02
   1.2211310e-02
   1.9712490e+02
   2.4259563e+02
   1.3245088e+02
   2.1938753e+02
   7.9829139e+02
   4.5833780e+03
   1.9255239e+03
   1.5843323e+03
   3.6537976e+02
   4.9757366e+02
   5.5879163e+02
   4.6564217e+02
   9.9624034e+02
   3.1049576e+02
   1.4866019e+02
   1.6179438e+02
   8.3504547e+01
   3.0459540e+02
   3.4037730e+02
   2.4704201e+02
   4.6405876e+01
   2.2023217e-02
   1.3549883e-01
   5.5851143e+01
   1.6279511e+01
   3.0283425e-01
   1.6433052e-01
   5.6118689e+01
   7.6729424e-05
   1.4096464e-01
   1.5683845e-01
   2.9490263e+01
   7.9493903e+00
   2.2400540e-02
   9.3364408e-04
   8.9804941e-03
   4.1041134e-02
   1.3048955e-02
   2.2187543e-01
   1.1614749e-01
   4.9972106e-02
   4.2025535e-01
   2.6999103e-03
   1.0461689e-02
   7.2573220e+02
   1.7942352e+03
   4.0350959e-02
   6.2053947e-02
   4.4608252e-02
   3.4514313e-01
   3.0410798e-01
   1.0147695e-01
   1.1074293e-01
   5.6426896e-02
   1.3445963e-01
   7.4714350e-02
   1.6734870e-02
   2.6863239e-02
   3.7258019e-02
   2.0038168e-01
   6.6822636e+02
   1.6570207e+02
   4.7117718e+02
   6.2830738e+02
   1.0414396e+03
   2.0444112e+03
   6.0442921e+02
   7.1909597e+02
   4.8105365e+02
   1.4133645e+02
   2.5939034e+02
   8.0179595e+02
   8.0358983e+02
   6.9967027e+02
   1.7423275e+02
   3.5654471e+02
   2.9106719e+02
   2.0431795e+02
   9.0257321e+01
   1.7658940e+02
   1.1192574e-04
   7.7127810e-03
   1.9963450e-02
   3.0039903e-02
   8.7837689e+01
   1.6502344e-02
   3.0627682e-01
   7.1620961e+02
   6.4336254e-04
   5.9971015e-02
   3.6755796e+01
   4.3757039e+01
   1.9038166e-02
   3.8314958e-02
   7.9321651e-03
   1.6017959e-02
   5.4413564e-02
   1.1741454e-01
   3.3447937e-02
   7.7362063e-02
   2.8860921e-02
   2.9618352e-01
   8.9906591e-03
   2.6477732e-03
   9.1564444e-02
   1.1737837e-02
   1.2623976e-02
   1.5204918e-02
   2.7521111e-02
   9.7730410e-02
   1.2168706e+00
   3.7725044e-01
   2.7855503e-01
   6.4931251e-02
   1.3085124e-01
   1.7903245e-02
   6.2659428e-02
   2.7050123e-01
   1.2945009e-01
   1.5235060e-01
   1.7729346e+02
   3.1177767e+02
   6.8805784e+02
   6.0222839e+02
   7.3454132e+02
   1.0572199e+03
   2.9206655e+03
   1.5096486e-05
   3.8542708e-02
   2.2309981e+02
   1.8643495e+02
   5.8255403e+02
   3.5997135e+02
   2.3334841e+02
   5.7858696e+02
   3.2718481e+03
   3.2224865e+03
   1.6977782e+03
   6.6865275e+02
   1.7725969e+02
   3.3609146e+01
   2.1784666e-03
   6.2911592e-02
   1.0467279e-01
   5.0104504e+01
   2.3998110e+01
   3.7726840e+02
   8.7977408e+01
   3.0218090e-04
   1.6115788e+03
   4.2928652e+02
   9.0034691e+01
   5.0957531e-03
   5.2686822e-02
   1.0211921e-01
   1.3341181e-01
   6.2424540e-02
   7.6284055e-01
   2.6188824e-01
   2.8256006e-01
   1.5067000e-02
   1.1607873e-01
   8.1340887e-02
   3.0022792e-03
   5.6830905e-03
   3.8876974e-02
   2.4792920e-02
   4.3655828e-02
   1.9353145e-02
   7.7265173e-02
   2.1456768e-01
   9.9467080e-03
   2.3703323e-01
   5.1087769e-01
   5.3366270e-01
   6.3109359e-02
   1.9808458e-01
   1.3321832e+00
   1.6365416e+00
   1.4148711e-01
   7.4213324e+01
   4.3803317e+01
   4.7829144e+02
   5.1708172e+02
   7.9266661e+02
   1.5670209e+03
   6.6118098e+03
   3.3638715e+03
   2.0842143e-03
   4.2293298e-01
   2.2749427e+02
   1.4758515e+03
   1.5815392e+03
   1.0997178e+03
   1.8883279e+03
   1.3522672e+02
   4.9169727e+03
   3.3723503e+03
   5.6313393e+02
   1.8235753e+01
   5.6543805e+01
   1.8065744e+01
   1.2868528e-03
   4.7688230e-01
   4.7007809e-02
   4.4964747e+02
   1.0320312e+03
   5.4017561e+02
   2.3211272e+02
   1.2199671e+02
   1.4196498e+02
   1.2394603e+02
   6.4898092e-02
   2.8090091e-02
   2.1666213e-01
   1.8311033e-02
   2.2402280e-02
   2.0601668e-02
   4.3662829e-02
   5.0322678e-01
   3.5496748e-02
   1.1319785e-01
   1.3417160e-01
   7.8219775e-03
   2.0152165e-02
   3.0795189e-03
   2.1446927e-02
   1.0502693e-02
   1.6241343e-01
   5.2429383e-02
   4.5933503e-02
   8.7179981e-02
   7.7849047e-02
   4.4234655e-01
   3.1859814e-02
   9.3136858e-02
   1.0962803e-01
   1.2425656e-01
   4.3050203e-02
   3.9734991e-01
   2.4094261e+01
   2.3212985e+02
   6.7500730e+02
   4.1262356e+02
   2.4959316e+02
   2.5924178e+02
   1.2650451e+02
   2.0157897e+02
   1.3722581e+02
   1.9384559e-02
   2.3175242e-02
   1.0867255e+02
   6.8505837e-05
   1.0230670e+00
   5.9190364e-02
   4.2853760e+02
   2.0479269e+02
   1.0978458e+03
   3.6625090e+01
   5.1129485e+01
   2.6567181e-02
   1.3808571e+01
   1.0671366e+02
   2.2776177e+03
   2.7804727e+02
   2.4054540e+03
   1.7652990e+03
   3.7366226e+02
   3.5315557e+02
   1.1943370e+02
   1.8799539e+02
   1.0366642e+02
   1.1265632e-04
   3.5345041e-02
   1.3278991e-01
   2.1481067e-01
   1.7239426e-01
   6.5204750e-02
   2.2003924e-01
   6.1925339e-02
   9.8441306e-02
   1.8711282e-02
   1.5706024e-02
   3.7347553e-02
   1.1425289e-01
   1.1022933e-02
   5.1637543e-03
   5.5515660e-02
   6.8828115e-03
   1.1229930e-02
   3.8965782e-02
   8.3675944e-02
   2.9204932e-01
   1.0793751e-01
   1.8111424e-02
   6.0039493e-02
   1.7536293e-01
   3.1622493e-01
   5.4918318e-02
   5.9377957e+01
   5.7016415e+01
   2.4250589e+02
   3.0022174e+02
   9.1769978e+01
   6.0563651e+00
   3.1091510e+01
   1.0632141e+02
   1.7381881e+02
   3.6862961e+01
   6.3953209e+01
   6.5640704e+00
   2.7881787e+01
   2.4503697e-02
   6.4004352e-01
   1.7480470e+02
   1.4812661e+02
   1.7392336e+02
   8.2476190e+02
   3.4209806e+02
   1.5668340e+02
   5.9513797e-03
   1.2042854e-02
   2.4114198e+02
   1.1708729e+02
   1.8837541e+03
   1.7380421e+03
   6.3238390e+02
   9.4528663e+02
   3.3619327e+02
   5.0938137e+02
   1.5115329e+03
   2.5747425e+02
   2.1297221e+02
   8.7947980e+01
   2.7710751e-02
   1.4842943e-01
   5.4306835e-02
   2.9590820e-01
   1.7244707e-02
   1.3547953e-01
   5.3274492e+00
   3.0096520e-04
   3.6370671e-02
   1.5285937e+02
   1.0921315e-02
   9.5333407e-03
   5.3311420e-02
   2.7143539e-01
   2.9016530e-03
   1.6358385e-02
   4.6510012e-03
   3.7812522e-02
   2.3965258e-01
   3.0176657e-02
   6.1540238e-02
   1.5203145e-01
   2.4664708e-02
   1.8178052e-01
   2.5265521e+01
   6.1338891e+01
   3.0851536e+02
   1.3317077e+03
   3.8764793e+02
   2.3389941e+02
   4.6392201e+02
   4.0874379e+01
   1.1935935e+02
   7.6305931e+02
   2.2054138e+01
   1.1341577e+02
   3.0410966e+01
   1.8101810e-03
   4.3570232e+02
   5.4669333e+02
   4.1741375e+02
   5.6814756e+02
   2.4880167e+01
   2.2833816e+01
   5.5203573e+02
   5.3983045e+02
   9.6481636e+02
   4.7544467e+02
   1.3223167e+02
   9.4497602e+01
   3.1821143e+01
   1.1047733e+03
   1.1069095e+03
   7.6943792e+02
   5.0587587e+03
   1.5842603e+03
   2.3770977e+03
   4.2070002e-01
   2.8838996e+01
   5.2007929e+02
   4.1583310e+02
   2.0335664e+02
   3.6511573e-03
   1.0960100e-01
   9.0702264e-02
   3.8133386e+01
   7.8037357e+01
   1.1192812e-04
   2.1244773e-02
   2.0353021e+03
   4.2908730e-05
   3.4639563e-03
   1.6281642e-03
   1.0012334e-02
   1.7209902e-02
   4.2127607e-03
   3.2999429e-02
   2.9326598e-02
   6.1812449e-02
   1.2635020e-01
   5.5965470e-02
   6.8117861e-02
   8.8669924e-02
   1.1355579e+02
   2.1323600e+01
   1.6582145e+01
   1.4037981e+03
   9.0488155e+02
   4.1622761e+02
   5.2354952e+02
   5.5336958e+02
   4.0079458e+02
   1.5769476e+02
   6.0410528e+01
   5.4550743e+02
   1.3154953e+01
   2.4340676e+02
   4.8243640e+02
   1.1230342e+03
   1.1111908e+03
   8.9682396e+02
   2.4399201e+01
   4.6576938e+02
   1.4980227e+03
   1.0055685e+02
   1.0616389e+03
   8.4821909e+02
   5.6552232e+02
   2.2503158e+02
   2.6094200e+00
   2.4209574e+01
   1.1010744e+02
   1.5208007e+02
   8.3096018e+02
   3.8751130e+03
   3.2943613e+03
   2.5577421e+03
   2.0058749e+03
   5.6282210e+00
   2.7550373e+01
   9.3543503e+02
   9.9910284e+02
   6.9858809e+02
   9.8420469e-01
   4.8537059e+01
   7.7250744e+01
   1.4280233e+02
   1.9773816e+02
   2.9719124e+03
   2.1049370e+03
   2.9853890e+03
   2.2528133e-04
   6.0384504e-03
   7.0006596e-02
   8.7077145e-02
   5.6109941e-02
   1.4407056e-02
   1.3529758e-01
   8.9772606e-02
   8.4184185e+01
   5.4332927e+01
   2.8502467e-02
   9.4474760e+01
   4.8186182e+01
   3.1710043e+01
   8.4307238e+00
   2.9717234e-03
   5.4507532e-02
   3.0299023e-01
   2.4506624e+01
   1.3659896e+03
   1.7852109e+03
   8.7336685e+02
   1.6665628e+02
   1.7688696e+02
   3.6512938e+01
   1.1073623e+02
   1.5462042e+02
   2.7997856e+02
   2.5773699e+02
   2.8065841e+01
   1.5088340e+03
   3.7902172e+02
   8.2814702e+02
   1.5289735e+03
   2.7229662e+03
   8.4959916e+02
   6.9651210e+03
   2.8085721e+03
   1.3102890e+03
   1.2950915e+03
   3.7803351e+02
   5.1823952e+02
   5.1782283e+02
   3.0211578e+03
   2.8760084e+03
   8.2660464e+00
   7.4808040e+02
   1.6643730e+02
   8.3580806e+01
   6.7439277e+02
   2.7688948e+02
   1.3541158e+03
   2.2942457e+02
   1.4344574e+02
   1.2189204e+02
   5.6251707e+01
   2.8019991e+01
   3.8355212e+01
   1.9213320e+03
   6.6067150e+03
   1.3449079e+03
   2.7373402e-02
   3.5849701e+02
   3.7465293e+02
   5.8611181e-01
   9.1111901e+00
   1.0966303e-01
   5.7607295e+01
   2.9214315e+01
   2.7119134e+01
   6.8255129e+01
   1.9381020e+01
   1.0751525e+02
   1.1144490e-02
   4.4022589e-01
   1.1721908e-01
   5.0443433e+00
   1.2933446e+01
   5.9155297e+00
   1.0143239e+01
   1.5456320e+03
   3.2521350e+03
   2.7104422e+01
   4.7218989e+01
   2.6623328e+01
   4.2387597e+01
   2.1697892e+02
   1.1721148e+02
   1.6003225e+02
   5.8577944e+03
   9.1365556e+02
   4.6440260e+02
   2.2640364e+02
   9.7213066e-04
   4.6646356e-02
   1.1708615e+02
   3.3606763e+02
   1.8933009e+03
   2.0928092e+03
   2.2157129e+02
   1.2586408e+02
   3.1645829e+02
   1.2373937e+02
   2.1144303e+02
   4.8995402e+01
   1.3722101e+02
   1.4442569e+02
   1.4572305e+02
   3.9916201e+02
   2.4170762e+02
   1.6455015e+02
   1.3055858e+02
   1.3901348e+01
   1.8414040e+01
   6.3943931e+01
   5.5058392e+01
   2.5501903e+01
   4.5924470e+01
   6.5231720e+01
   4.1468919e+01
   1.5818344e+02
   1.6315475e+00
   1.6009850e+02
   2.3808966e+02
   1.1272946e+02
   1.0753289e+02
   5.3380029e+02
   2.9940536e+01
   3.5426553e+00
   7.2303231e+01
   1.8744177e+02
   3.5006472e+02
   4.4812638e+01
   7.0833193e-02
   3.4846155e-02
   7.5699260e-02
   7.0016598e+01
   1.1188488e+01
   2.0010970e+01
   9.1025748e-03
   1.7117061e+02
   5.1800318e+02
   2.3665332e+02
   1.4336761e+02
   3.4993113e+02
   2.9714004e+02
   2.8051291e+02
   5.4652168e+02
   3.2709681e+02
   8.2847218e+01
   8.2363139e+01
   3.3608146e+02
   4.8883523e-01
   2.3275470e-01
   8.3603928e-02
   1.6904112e-01
   1.8559851e+02
   4.2775359e+01
   2.4228622e+01
   5.0172295e+01
   4.7405567e+02
   1.8739623e+02
   2.1465972e-01
   1.0522153e+02
   2.8215019e+02
   2.0999618e+02
   1.3564130e+02
   6.1240573e+02
   9.1549564e+02
   9.0872270e+02
   2.9749723e+02
   1.3912573e+02
   6.4854067e+01
   1.3150482e+02
   1.1573693e+02
   1.7779464e+01
   3.8701588e+01
   3.4414197e+02
   9.2242673e+01
   9.3668836e+01
   3.2485379e+01
   1.4282911e+02
   3.4362982e+02
   3.6362933e+02
   2.1770258e+02
   2.8854600e+02
   1.4885260e+02
   8.6987257e+01
   3.0295230e+01
   3.0965260e+01
   3.0175897e+02
   3.3197558e+02
   3.3736099e+02
   6.5368037e+01
   2.3606938e-01
   2.5164609e-02
   6.1395378e+02
   8.6447050e+00
   5.5183939e-03
   1.7165518e-02
   4.9200660e-03
   7.5044989e+01
   5.5374583e+02
   1.2888404e+02
   9.1214908e+02
   8.3253596e+02
   1.0810596e+03
   7.3457782e+02
   1.0289848e+01
   2.0610304e+01
   5.8813976e+01
   9.8282529e-03
   6.5295462e-02
   3.1285403e-02
   5.0523573e-01
   2.9678140e-01
   2.0699140e-02
   1.9792124e+02
   1.9592540e+01
   2.4250187e+01
   8.8006082e+01
   1.0971758e+02
   2.1439741e+01
   1.0941727e+02
   1.3462883e+02
   3.4282108e-06
   4.3808619e+01
   1.8943570e+02
   4.3185534e+02
   2.4588757e+02
   6.7666821e+02
   2.7327514e+02
   1.8706919e+02
   1.7497212e+02
   1.9275768e+02
   7.1665317e+02
   2.6294782e+02
   6.6711370e+02
   5.5396117e+01
   5.5157164e+01
   1.8416812e+02
   7.6734058e+01
   1.4542418e+02
   1.9742039e+02
   8.8592117e+01
   2.6818861e+02
   1.4376121e+02
   1.3911858e+02
   5.0077761e+01
   2.9922738e-02
   2.0244914e-02
   2.0062448e+02
   3.7254300e+02
   7.7822938e+01
   2.3295447e+01
   1.4765131e-01
   1.5809090e-01
   3.9716473e-01
   9.5797846e-03
   2.3892183e-02
   7.5988264e-03
   8.1030190e-02
   5.3728128e+01
   5.5641831e+01
   1.8462921e+02
   2.7149050e+02
   3.1232420e+02
   2.7110860e-04
   4.1482630e-03
   1.2281742e-01
   5.5156259e-02
   1.1673487e-01
   7.9513365e-02
   2.3354801e-02
   7.1108762e-01
   9.4408749e-03
   6.3937252e-03
   1.1834108e-01
   1.2752991e-02
   1.4703760e+01
   2.3383813e+01
   1.1895245e+01
   2.9967265e+01
   5.6371529e+01
   1.8578378e+01
   8.5319411e-03
   4.5311871e-02
   2.9902248e-02
   1.3878573e+02
   4.9359532e+02
   1.0118441e+02
   5.2767170e+01
   2.2964242e+01
   3.7417381e+00
   1.0222071e+03
   2.0191757e+03
   8.3575802e+02
   8.5220954e+02
   2.6051530e+02
   7.3888256e+01
   1.1667003e+02
   1.7831558e+02
   3.0960590e+02
   8.2108930e+01
   1.6781988e+00
   2.7804222e+01
   4.0722722e+01
   1.7396296e+01
   4.4017607e-02
   3.8901547e-02
   8.8789014e-02
   1.4663066e+02
   8.5215862e+01
   2.8573332e+01
   1.9124452e+01
   4.5193171e-01
   6.1791231e-02
   1.5642240e-01
   5.7317329e-02
   9.1786228e-02
   4.0704234e-02
   4.0356202e-02
   1.1359510e-01
   2.2488756e-01
   5.2718307e+01
   9.1087050e+01
   8.5052554e+01
   7.8844669e-03
   7.7499753e-03
   1.2597451e-01
   1.7673257e-01
   1.1031475e-01
   6.5394394e-02
   2.1356256e-01
   1.2925514e-01
   2.4349204e-02
   2.7940082e-02
   3.0711313e-02
   2.2951652e-02
   4.2473185e-02
   6.5066492e+00
   7.2347954e+00
   1.8163722e+01
   1.4791175e+01
   1.0566721e-03
   3.0671172e-02
   7.8838434e-02
   5.3477067e-02
   3.9004160e-02
   3.0985360e+02
   2.1110352e+02
   3.5583542e+01
   7.2757973e+01
   2.3773564e+02
   6.4946733e+02
   1.2957253e+02
   5.7053108e+01
   3.5930772e+02
   6.3182695e+01
   7.5367352e+01
   2.6047716e+02
   2.6133155e+02
   4.9113683e+02
   5.9697566e+02
   1.4232771e-01
   1.5351625e-01
   3.4262962e+01
   6.5837965e+01
   9.2495131e-02
   2.5832502e-02
   1.9108241e-01
   3.6470964e-02
   7.0004093e+00
   1.3346964e+01
   5.7797903e+00
