   7.5673976e+01
   2.3147203e+01
   1.7837913e+01
   5.4782316e+01
   1.9232153e+01
   1.6318658e-02
   1.1733000e-02
   1.0225336e-02
   3.1575794e-02
   3.1283910e-01
   2.1665927e-01
   1.8997807e-01
   1.7237134e-02
   2.4125077e-01
   1.4763396e-01
   1.7927499e-02
   8.4929268e-02
   2.5253563e-02
   8.4731577e-03
   7.8917966e-03
   1.4936157e-02
   2.8148532e-02
   4.8366342e-02
   4.6505301e-02
   9.0698071e-02
   1.5987074e-02
   6.4960983e-02
   5.0093644e-01
   6.7003440e-01
   2.5078963e-01
   1.7742401e-01
   1.1959337e-01
   1.1131800e-01
   3.6495322e-01
   3.8976543e-02
   3.8257316e-02
   6.5259162e-02
   2.7160507e-01
   3.0635542e-02
   1.0286058e-01
   1.5773262e-01
   2.5170083e-02
   1.4437950e-02
   6.0035923e-02
   2.2458789e-01
   8.9339273e-02
   2.9283042e-01
   1.1520361e-02
   1.4813956e-02
   4.5694077e-02
   2.0684760e-02
   1.4029303e-02
   1.0096265e-01
   1.7449234e+00
   1.6940497e-01
   3.5323960e-01
   6.1389588e-02
   3.8688473e-01
   3.0183787e-02
   7.9805378e-02
   8.3090671e+01
   1.4711458e+02
   1.0839647e+02
   1.3946423e+02
   1.1210006e+02
   2.2190043e+02
   1.5018968e-02
   4.1509549e-03
   2.3368219e-01
   1.1785584e-01
   3.8060316e-02
   1.9062222e-01
   5.0166073e-02
   1.0804661e-01
   5.4087515e-02
   6.9370856e-02
   1.8792377e-02
   4.7613941e-02
   2.5961106e-02
   4.8535496e-03
   9.8395599e-02
   4.9876343e-02
   6.4241431e-03
   1.5734882e-01
   2.0017587e-01
   1.4617100e-01
   4.6881513e-02
   2.0307708e+00
   1.2567451e-01
   1.3117307e-01
   4.3459271e-02
   1.6097094e-01
   1.5059565e-01
   3.5944123e-01
   2.0475613e-02
   8.5879067e-02
   1.3330236e-01
   3.5324087e-01
   5.2530183e-01
   4.8245955e-02
   3.5039724e-02
   6.5715052e-02
   1.6950832e-02
   2.1985389e-02
   2.1573986e-02
   4.0734087e-02
   2.2443083e-01
   4.3435327e-01
   5.5359866e-02
   8.1048195e-02
   8.0849033e-02
   8.4537802e-02
   9.6804602e-01
   1.1101666e+00
   2.9984770e-01
   2.6144928e+00
   4.8613644e-02
   1.4286096e-01
   3.1984212e-01
   4.2503786e-01
   2.4780347e+01
   9.8539446e+00
   4.7052201e+01
   8.7579140e+01
   4.4588902e+02
   3.5807539e+02
   7.5959548e-04
   7.9294341e-03
   1.4976096e-01
   1.5781716e+02
   2.3580438e+01
   2.5240711e+02
   5.2273745e+01
   2.6633779e-02
   4.0905318e-02
   5.4312818e-02
   1.6586322e-02
   1.3935646e-01
   7.0903452e-02
   1.1599229e-02
   2.3170894e-02
   2.3369685e-02
   3.4793565e-02
   7.5854557e-02
   9.5980107e-02
   1.0275258e-01
   1.4997666e-01
   5.0852269e-02
   2.9179569e-02
   1.3327707e-01
   6.2651822e-02
   1.3946392e-01
   3.1926497e-01
   4.4643722e-01
   1.1469213e-01
   1.9747685e-01
   3.5978186e-01
   5.0542440e-01
   1.2538492e-01
   3.2571823e-02
   1.0844138e-01
   9.2797499e-02
   8.1034324e-02
   2.2279539e-01
   7.8167493e-02
   2.0769569e-01
   1.2013351e+00
   1.0789484e-02
   1.2548175e-02
   5.9993128e-03
   8.8846753e-03
   5.1856119e-02
   3.1534326e-02
   1.4907168e-01
   2.4141273e-01
   6.2964785e-02
   1.1209721e-01
   1.1001893e-01
   2.6386325e-02
   6.5864825e-02
   5.1205721e+01
   4.9445062e+01
   1.0015423e+02
   1.2604930e+02
   4.8254362e+01
   6.9145386e+01
   1.6287520e+01
   2.2927774e+01
   4.8361711e+01
   4.5136373e+01
   3.3787155e+01
   6.2992472e+01
   2.4029575e+02
   1.0781765e-06
   6.7308121e-02
   6.9030997e-03
   5.5279360e+01
   8.2613444e-02
   3.7464716e-02
   3.1507291e-02
   8.5919425e-02
   9.8712027e-02
   9.1321232e-02
   1.9304360e-02
   1.3384445e+02
   1.2370851e+02
   2.7411291e+02
   7.5962254e+02
   2.4358964e+02
   2.6188467e+02
   1.9273004e-02
   2.1167636e-01
   1.8118362e-01
   1.1418077e-01
   4.7151679e-01
   2.3659110e-01
   4.7252378e-02
   4.1176015e-02
   9.9601976e-02
   3.0011089e-02
   2.8884554e-02
   3.2302095e-01
   5.7553001e-02
   4.5448810e-02
   8.4034628e-02
   2.8878238e-02
   5.2059456e-02
   3.4738991e-02
   1.4008978e-01
   1.3107381e-01
   1.3518103e-02
   2.7765579e-01
   1.4720424e-01
   1.7660398e-01
   4.3331669e-01
   2.3523558e-01
   1.3452502e-01
   3.7978813e-02
   3.5985871e-02
   3.3443685e-02
   2.7259139e+01
   1.1291964e+01
   2.4345345e+01
   3.9978947e+01
   1.6789025e+02
   5.2401874e+01
   5.5734075e+01
   5.4571593e+01
   2.3828417e+01
   3.6786745e+01
   1.4292569e+02
   3.3017854e+02
   2.7427957e+02
   1.7151444e-03
   2.6289318e-01
   8.8626962e+01
   5.2318830e+01
   7.1519415e+01
   9.4184526e+01
   6.2087639e+01
   8.9441224e-02
   2.9276863e+02
   2.2844539e+01
   9.9046934e+02
   2.2929114e+02
   3.3778288e+02
   3.6794754e+02
   1.4381387e+02
   8.8257582e+02
   3.6682331e+02
   6.3912237e+01
   1.5042750e-02
   3.5007317e-02
   1.5241549e-01
   1.7196863e-01
   1.2288415e-01
   1.9575927e-01
   2.7998175e-02
   5.4143810e-02
   1.0094271e-02
   3.1364835e-02
   2.5220689e-01
   6.7922531e-02
   9.3836755e-02
   7.9015981e-02
   9.7654760e-03
   1.3970276e-02
   2.7021332e-02
   4.9730058e-02
   7.4872168e+02
   8.7962760e+01
   1.8374638e-02
   5.5779282e-02
   4.9144404e-01
   7.5079595e-01
   1.0916633e-01
   7.5194146e-02
   4.4693402e-02
   6.2714515e-02
   2.3119979e-02
   8.1970064e-03
   1.3055440e+03
   1.2557146e+03
   3.1830834e+02
   5.7324607e+02
   2.1767359e+02
   8.8126737e+01
   4.7633069e+01
   4.8998475e+01
   8.3957084e+01
   3.6814984e+01
   3.6774314e+01
   1.6510598e+02
   2.8470893e+02
   9.3854510e+01
   6.9518872e+01
   5.8335095e+01
   7.9956875e+01
   3.0548276e+02
   2.7124226e+02
   1.4559397e+02
   2.5791513e+02
   7.2556095e+02
   4.5394290e+02
   1.5395679e+03
   1.9171943e+02
   3.6955866e+02
   6.7716017e+02
   3.1735130e+02
   9.1286882e+01
   3.6537740e+02
   3.2554289e+02
   5.9635620e-02
   5.3808876e-03
   3.6578596e-01
   5.0019539e-02
   1.8109252e+00
   3.6220344e+02
   8.8013511e+01
   2.1157179e+02
   5.2695094e-03
   6.4452621e-02
   6.2252752e-02
   3.7138394e-02
   1.9518440e-01
   6.5197932e-02
   2.4481956e-02
   2.2725667e-02
   2.3204922e+03
   1.2540274e+03
   1.5305431e+03
   9.5097733e+02
   2.1448046e-01
   2.3738074e-01
   1.2198361e-01
   4.7803435e-03
   2.8344321e-02
   1.0601080e-02
   3.3765878e-01
   7.6751868e-02
   2.0164847e-01
   2.0213913e-01
   1.0851685e+03
   1.3120124e+03
   5.1089392e+03
   3.4880075e+02
   3.0258518e+02
   3.3539884e+02
   5.1433524e+02
   3.7801762e+02
   6.6499522e-03
   6.8001116e+02
   7.4970884e+02
   3.2262016e+02
   7.5039890e+02
   1.3083572e+01
   3.2648264e+01
   3.9523244e+01
   5.7084752e+01
   6.8476370e+01
   1.5697487e+03
   7.5606515e+02
   5.9866279e+02
   1.4850865e+02
   1.7047560e+02
   9.4718569e+01
   1.0215277e+02
   4.3393252e+01
   6.7244571e+01
   2.6641159e+02
   5.2811579e+02
   9.0184948e+02
   1.0726003e+02
   1.5617760e-02
   1.7211292e-01
   2.1788333e+02
   4.1063868e+02
   1.6650511e+02
   1.0842348e+02
   3.6068403e+02
   1.6609050e+02
   8.3590920e-02
   4.1768112e-02
   2.5481856e-02
   6.1190683e-02
   2.2109911e-01
   5.9134245e-02
   1.5421121e+03
   2.2975952e+02
   4.5430306e+02
   8.3393812e+02
   5.2626507e+02
   1.2568656e+02
   3.7421381e-02
   2.5028815e-02
   1.4792238e-01
   4.2744384e-02
   1.1887946e-01
   6.9704791e-02
   1.3993749e-02
   1.8770735e-01
   1.0033173e-03
   3.0277448e+03
   3.5877800e+02
   4.8100383e+03
   9.2233297e+02
   7.9781849e+02
   6.2888973e+01
   6.4161387e+01
   2.5743204e+02
   2.9573730e+02
   1.8425678e+02
   2.6499037e+02
   6.0974134e+02
   3.5222563e+02
   3.8743568e+02
   1.9777947e+01
   6.1876360e+01
   3.3693243e+01
   6.7705410e+01
   5.7135473e+02
   3.7931552e+02
   2.0650310e+01
   8.1512338e+01
   1.0158930e+02
   6.1394281e-02
   4.9065474e-03
   5.1504107e-02
   1.1502129e-02
   2.3402214e+03
   4.8477614e+02
   2.4683287e+02
   3.2988473e+02
   5.7233379e-02
   3.0751029e+01
   2.4442470e+02
   7.9862474e+01
   2.3513581e+01
   7.5399028e+00
   4.0646898e-02
   2.7257516e+02
   3.3753679e-04
   7.3259626e-02
   2.0971444e+02
   1.3291142e+02
   5.4398997e+02
   5.7071832e+02
   6.3056368e+02
   3.0519081e+02
   1.5018532e+02
   1.7020058e+02
   2.6222793e+03
   5.8635596e+02
   2.3990288e-06
   1.3976958e-02
   9.0301984e-02
   8.7163116e-03
   3.5471249e-02
   3.1716665e-01
   2.8923801e-01
   4.6340222e-05
   2.5420665e-02
   5.8840011e+02
   3.4817769e-04
   9.4920138e-02
   2.1900001e+01
   4.5838478e+01
   7.4435364e+01
   4.1023017e+01
   1.9563231e+02
   5.4938776e+01
   2.2220273e+01
   1.1707413e+01
   3.6008508e+02
   9.8832633e+02
   4.9045229e+02
   3.9181189e+00
   2.8521670e+03
   2.3229252e+03
   7.4216053e+02
   1.7008754e+03
   2.9046208e+02
   3.5562565e-02
   2.5472821e-01
   4.5467173e+01
   2.2221606e-04
   1.1497353e-01
   1.2090179e-01
   3.8582641e+03
   1.5132588e+03
   1.0600000e+03
   1.3494781e+01
   1.2160888e+02
   1.6085611e-05
   9.6469697e+01
   3.7761162e+01
   4.3863273e+01
   2.0956739e-03
   5.4030010e-03
   1.5881738e-01
   1.2040220e+03
   1.1543282e-06
   4.8523565e+01
   3.9036712e+02
   6.4476736e+02
   1.4793585e+02
   1.1520525e+02
   1.4870580e+02
   1.1920240e+02
   1.5716715e+02
   2.9648618e+02
   1.4606428e+02
   8.1921124e+02
   5.8519758e+02
   1.0001486e-02
   4.0828623e-01
   1.1357279e-01
   3.1980903e-01
   9.5455177e-02
   1.6057498e-01
   1.3069329e+01
   1.0872523e-01
   6.2096467e-02
   8.9240162e-02
   8.5733803e-02
   5.7048126e+01
   4.6245052e-02
   8.2350622e-02
   2.0607561e+02
   3.3963141e-01
   7.4134286e+00
   7.9828269e+00
   1.3579597e+01
   9.6745204e+00
   1.7918871e+02
   7.9334312e+02
   1.0336429e+03
   2.8746001e+03
   2.8457400e+03
   8.6688137e+02
   6.9036473e-03
   1.8673205e-01
   3.9630128e-01
   3.1442442e-01
   5.3962111e+01
   6.6999064e-03
   3.5909128e-01
   1.4703576e+03
   2.4701113e+03
   1.3893630e+03
   9.2034699e-02
   2.5178481e+03
   7.8235045e+01
   1.5124575e+02
   1.7970301e+02
   1.5745796e+01
   1.6343322e+01
   5.1799857e+01
   6.0388914e-05
   1.2610847e+02
   4.4684847e+02
   2.2079885e+02
   4.9629489e+02
   9.7255133e+01
   2.0894626e+02
   2.6171007e+02
   1.0824285e+02
   8.2077257e+01
   5.5318290e+01
   3.5938868e+01
   5.6189577e+01
   1.1027571e+02
   1.9504880e+01
   2.4088975e+01
   1.5603444e-04
   7.8457241e-02
   4.8037488e-01
   2.9361194e-01
   1.1455984e+00
   8.4635002e-02
   3.5593968e+02
   7.5532520e-02
   8.0083505e-02
   6.3606294e-02
   1.2849214e-01
   1.7416884e-02
   6.4567873e-02
   1.1367757e-01
   5.9167030e+01
   1.2669007e+01
   5.9962429e+00
   1.4572830e+01
   7.5389398e+00
   7.7469103e+00
   6.1651060e-02
   1.8117182e+03
   6.2487730e+03
   2.8787249e+03
   2.6229079e+03
   1.2238777e+03
   1.2010599e-01
   5.2018233e-02
   2.5293742e-02
   3.0377426e-01
   5.3440740e+01
   1.4847978e+02
   2.2513446e+03
   3.5737390e+03
   7.9170086e+02
   8.8876448e-02
   1.7449232e+03
   6.1929186e+03
   3.5834304e+00
   1.5124555e+02
   1.2149549e+02
   1.9474624e+02
   5.6293301e+01
   2.7419217e+02
   1.2194946e+02
   2.2025007e+02
   1.2733752e+02
   3.5388949e+02
   4.3104948e+02
   2.8050105e+02
   3.9177701e+01
   1.3062896e+02
   4.4028308e+01
   2.6067174e+01
   6.7353276e-03
   1.2039038e-03
   2.2198082e+01
   2.4329586e+01
   6.7631961e+01
   1.6099021e+01
   3.8921952e+01
   7.4915118e-02
   5.3755196e-02
   3.2405846e-01
   2.1569478e-01
   2.2853625e-02
   1.7395037e+02
   3.4225737e-03
   9.5761253e-02
   6.4640639e-02
   9.1498067e-02
   6.3528043e-02
   5.7340076e-02
   6.7197690e+02
   2.7242222e-01
   1.3667510e-01
   1.1918692e+02
   1.1402483e+01
   7.3061329e+00
   1.1767415e-02
   2.5439268e-02
   1.0155497e-01
   2.0543103e+01
   4.5348508e+01
   2.8514983e+01
   1.8217400e+01
   2.6253419e-02
   1.5952591e-02
   1.5689330e-02
   2.2080780e-01
   1.2235871e-01
   8.9905216e+01
   6.3757085e+03
   1.0591604e+03
   8.8229784e-03
   5.7811135e+03
   2.8408532e+03
   6.7276606e+02
   1.2071120e-01
   1.5771375e+02
   3.6141440e+02
   1.0886427e+02
   2.8126383e+02
   1.8522671e+02
   1.4072538e+03
   5.9803877e+02
   3.0154768e+01
   4.9601310e+02
   3.5564376e+02
   2.3692866e+02
   7.3825024e+02
   1.9038915e+02
   1.1652284e+02
   1.0472370e+02
   6.8383265e+01
   2.2474466e-03
   1.8462491e-01
   6.3142009e+01
   4.9439603e+01
   9.8585766e+01
   5.9816697e+01
   7.6806879e-02
   4.9653664e-02
   1.1029154e+00
   9.1307955e-02
   4.7646886e-02
   3.8107903e+02
   9.7172493e+02
   5.1540165e-02
   4.0447380e-02
   2.7939864e-02
   7.2459801e-02
   1.5729233e+02
   1.3017295e-05
   1.1104977e-01
   1.3386904e+00
   5.9956780e-02
   5.8667465e-02
   4.8093051e-02
   1.9416290e-02
   4.3691132e-02
   1.1399325e-01
   8.0526828e-03
   1.4318440e+01
   2.6548098e+01
   9.4453081e+00
   1.5946410e+01
   8.5088534e-02
   2.4088552e+01
   1.8746686e-02
   8.4346120e-02
   5.0467068e+03
   3.8171830e+03
   3.2888528e-02
   1.5044594e+03
   4.7849934e+02
   2.2803220e+02
   1.0470998e-01
   1.3075717e-01
   3.1963826e-01
   8.2416885e+01
   5.5366752e+01
   3.8508469e+02
   5.7892926e+02
   4.4071912e+02
   7.7532006e+02
   2.0565242e+02
   1.7779133e+02
   4.8464962e+02
   7.6712498e+02
   4.7056977e+02
   1.0991973e+02
   2.0889055e-03
   9.3422866e+01
   2.0361057e+02
   1.5980032e-03
   3.3188233e-02
   2.0162244e+02
   2.0974200e+02
   1.7496590e+02
   2.5183271e+02
   7.9856595e-02
   2.5776131e-01
   7.1865778e+02
   4.7528675e+02
   3.8194118e+02
   5.3408325e+02
   3.1215020e+02
   1.5947057e-03
   1.1997278e-01
   1.2453232e-02
   1.5330700e+02
   1.2896620e+02
   4.2409524e-02
   7.8021234e-02
   1.5831283e-01
   5.6855573e-01
   5.4719110e-02
   2.7804091e-02
   2.8899097e-01
   7.3311091e-02
   3.9828354e-02
   2.0635793e-02
   8.5984061e+00
   7.3562622e+02
   7.4733679e+02
   2.5558078e+02
   3.9212855e+02
   3.7218809e-01
   4.2896989e-02
   4.6448892e+03
   1.7421854e+03
   4.3508718e+02
   7.4009633e+01
   1.3925019e+02
   1.0115417e+02
   5.9694795e-02
   5.4186145e-02
   2.4730526e-02
   2.9506121e-01
   1.8228766e+02
   6.9250879e+01
   1.6437146e+02
   8.8471828e+01
   3.2921421e+02
   8.2557638e+01
   1.4579741e+02
   1.1176616e+02
   9.2168154e+01
   4.2532538e+03
   1.1547410e+03
   6.5435380e-02
   5.6652186e-02
   6.1046510e-02
   7.0275892e+01
   2.1725356e+01
   3.7363294e-02
   3.6789908e-01
   3.8446386e+02
   7.7244446e+01
   3.7588115e+01
   1.6215589e+02
   4.2066524e+02
   9.7122824e+02
   1.2010148e+03
   3.0273692e+03
   4.0099448e+01
   9.4215953e+01
   1.9338499e+02
   1.9311070e+01
   1.8419838e+02
   1.4834129e+02
   2.2290914e-02
   4.0812515e-02
   1.1264291e-01
   3.3387840e-02
   6.6640843e-02
   2.0871766e-01
   1.3869291e-01
   1.0293326e-01
   5.0090423e-02
   3.6349223e-01
   1.4998321e-01
   4.0887266e+02
   8.2598365e+02
   4.0556614e+02
   4.1298544e+03
   5.3247706e+03
   6.0956976e-02
   1.5940661e+03
   3.3223946e+03
   2.7328105e+03
   5.4833309e+01
   2.4838055e+02
   3.0501608e+02
   4.2570852e-03
   8.4646515e-03
   4.5317036e-02
   1.9608449e-02
   3.8602244e-01
   2.1312298e-01
   1.2555497e+02
   8.2396765e+01
   3.4508373e+02
   2.5704438e-05
   7.0080365e-02
   1.0277607e-01
   4.3298877e+02
   2.7447926e-05
   6.4165923e-02
   3.0210828e+03
   3.3965257e+03
   6.9855711e-03
   1.1346462e-02
   4.4011716e-02
   5.7714464e+01
   8.8862762e-05
   1.0078344e+00
   4.8024371e-01
   1.6395220e+03
   1.7777647e+02
   2.1253198e+02
   9.0001394e+02
   2.5615708e+03
   4.7185770e+03
   5.8042211e+02
   9.2732417e+01
   8.6942789e+01
   1.6171164e+02
   3.7644007e+01
   7.1930340e+01
   3.6752116e-04
   8.6741128e-01
   3.2207427e-02
   1.3227154e-02
   7.4599126e-02
   2.0236923e-01
   2.3429376e-02
   7.3729249e-01
   6.9896149e-02
   5.0591073e-02
   3.3917107e-01
   2.9230047e+03
   5.1252045e+02
   8.3537363e-02
   1.7995752e+01
   1.6865508e+03
   2.6269295e+03
   4.2447825e+03
   9.0888673e+02
   3.4861860e+03
   3.6285913e-05
   1.1723750e+02
   6.1525998e+01
   1.6727508e-01
   2.9512430e-03
   1.5285359e-01
   1.6563015e-02
   6.2794911e-02
   1.1857540e-01
   1.6929887e-02
   2.4582562e-02
   1.8586852e-02
   3.2659075e-02
   1.1137887e-01
   2.5214474e-02
   8.0040769e-02
   2.2129921e-01
   7.0173489e-01
   1.0291316e-01
   6.9623001e-01
   9.0741192e+03
   4.9569262e+03
   3.1314289e-05
   1.2082815e-02
   8.9485308e+01
   1.0226889e+02
   3.2267018e-01
   7.8139100e-02
   8.8023315e+02
   1.0405633e+03
   1.0094329e+03
   1.2067126e+03
   1.5936717e+03
   1.3037544e+03
   2.3330884e+03
   1.4426532e-04
   8.4126061e-02
   5.6222842e+01
   5.2022999e+01
   3.2346953e+01
   9.0253258e+01
   2.3992961e-04
   9.3361406e-03
   4.1085591e-02
   4.3834790e-02
   2.7554245e-02
   1.5658765e-01
   2.5943351e-02
   2.8745334e-01
   1.6930752e-02
   1.6086366e-01
   2.8488616e+02
   4.8482246e-01
   4.0590668e+01
   3.9866311e+02
   2.4632679e+03
   2.6510440e+03
   6.2304049e+03
   7.5130481e+03
   1.1747153e+03
   4.2283528e-01
   4.2429777e-01
   4.4171759e-03
   8.7975135e-02
   7.4288610e-02
   5.4775925e+02
   1.0331258e-05
   7.6804492e-02
   2.9113755e-02
   6.2096300e-02
   1.8621511e-02
   6.9203531e-02
   1.9936281e-01
   2.6032572e-01
   4.4607959e-01
   5.4406287e-01
   5.2934117e-01
   6.3174947e-02
   2.1847917e-01
   1.3651097e-01
   4.4403883e+03
   2.5702196e+03
   1.8064492e+03
   1.3129553e-02
   1.8738449e-02
   1.0811703e+02
   3.9812560e+02
   3.3766171e-02
   2.5682430e+02
   4.4940434e-02
   2.1211775e-01
   4.6075331e-02
   2.8103096e+02
   1.2023118e+02
   7.0103675e+02
   2.4336154e-01
   1.0178615e-01
   1.0942383e-01
   2.3912173e+02
   6.2027379e+02
   3.7898021e+02
   9.4487242e-06
   2.2832567e-01
   2.0155945e-03
   1.5609413e-01
   1.3611199e-01
   4.1367028e-01
   5.0958064e-02
   7.8021388e-02
   4.0008686e-02
   6.2112909e-02
   3.9796541e-05
   8.5676845e+02
   1.7611111e+02
   1.1198917e+02
   2.2027920e+03
   4.4554024e+02
   4.5789793e+02
   1.5128154e+03
   1.7569758e-02
   3.8382543e-01
   5.9500185e-02
   9.0780737e-02
   3.1302002e-01
   5.2658323e+03
   8.1779390e+02
   5.0756278e-03
   2.0059429e-02
   1.5456631e-01
   1.4390556e-01
   2.1896740e-01
   6.0053053e-01
   4.5733015e-01
   6.4288835e-02
   1.7108361e-01
   9.5852879e-02
   2.3156858e-01
   3.9468856e-02
   1.2182330e-01
   3.4971860e-02
   7.4151587e-02
   2.5028266e+03
   8.4708045e+02
   7.5874828e-02
   4.6510736e-02
   1.6681685e+02
   7.1165395e+01
   1.4754089e-02
   2.2382211e-02
   8.3425692e-02
   6.9289699e-02
   4.0126248e-02
   1.9212506e-01
   4.3095585e-01
   6.2632042e+02
   2.0072677e-01
   9.6610753e-02
   1.3940460e-01
   6.6844075e+02
   6.0294798e+02
   6.1982338e+02
   1.0035595e-06
   2.1793292e-02
   2.8223408e-02
   5.1426760e-02
   4.6617901e-02
   8.4237108e-03
   4.0037353e-01
   4.5197020e-01
   1.3314402e-01
   6.7203844e-02
   4.0550193e+02
   6.7558301e+01
   4.2253028e+01
   1.4074698e+03
   2.5094112e-03
   9.1904650e+01
   1.8758724e+01
   4.2097337e-02
   8.9039374e-02
   1.5286543e+00
   5.5547362e-02
   2.4287200e+02
   9.5033942e+01
   1.5833877e+03
   1.4805796e-03
   6.9370532e-02
   3.7450885e-02
   3.8288096e-01
   8.9191817e-02
   9.9651575e-02
   1.7141315e-01
   3.8350312e-01
   1.1148488e-01
   8.8559747e-02
   2.9871883e-01
   2.3973027e-02
   6.7488730e-02
   6.5640275e-03
   3.6490290e-02
   2.1664476e-02
   2.6437312e-02
   5.4663273e+02
   5.3607216e-03
   1.3585029e-01
   1.2045532e-01
   1.7264436e-02
   4.8231252e-03
   1.4143405e-02
   7.4338150e-02
   3.7962716e-02
   5.4057518e-02
   2.2374256e-01
   4.5194482e-01
   1.4995870e+02
   7.0464504e-02
   8.4006352e-02
   7.5893573e-02
   1.4698566e+02
   1.2474146e+02
   8.9388701e+01
   1.4726418e-05
   1.9125582e-01
   2.0692652e-02
   2.4169702e-02
   9.4866313e-03
   1.0106304e-01
   6.7481874e-01
   3.8152534e-02
   2.6174099e+02
   1.5412291e+02
   1.5641355e+02
   2.7918993e-04
   1.3978781e-01
   1.6435707e+03
   8.2740320e-02
   5.5516193e-02
   2.3479612e-02
   6.4393265e-01
   4.5713980e-02
   1.5779377e-01
   9.4780651e-02
   1.6598275e+03
   2.2701538e+03
   1.2663605e-04
   3.2205176e-02
   2.0526854e-02
   2.1030205e-02
   9.0118858e-02
   1.8403417e-02
   4.6207961e-02
   1.5591178e-01
   7.0259490e-02
   8.4679384e-02
   3.5137501e-01
   2.2573747e+00
   2.1992840e-01
   2.2339991e-01
   1.2370202e-01
   9.1350269e-03
   1.6581506e-02
   2.9907563e-03
   2.5424125e+02
   9.8596847e-03
   1.8283869e-02
   1.0552767e-01
   1.5966733e-01
   1.6011120e-02
   4.8638585e-02
   1.8258519e-02
   7.2334496e-02
   8.4686445e-02
   7.2294730e-01
   2.5032721e-01
   3.1268555e+02
   1.1108817e-02
   2.5075906e-02
   1.2834019e+00
   5.8257433e+02
   1.3873541e+02
   4.4466982e+00
   3.1946155e+00
   2.7213418e-01
   1.0386836e-01
   8.3159190e-02
   3.2838697e-02
   1.1703915e-01
   4.6093376e-01
   1.8106500e-01
   5.4699542e+01
   1.3101054e+02
   3.1806952e-02
   2.8432573e-02
   5.0638784e+02
   7.1418482e+02
   1.7095259e-02
   1.1107416e-01
   3.0272786e-02
   2.1344178e-01
   2.1345437e-01
   2.4840321e-01
   9.1282477e-02
   4.4677998e+02
   8.7338225e+02
   2.8306364e-02
   3.5869409e-01
   7.9073378e-02
   1.8120110e-01
   6.7999880e-02
   3.5099685e-02
   1.4679455e-01
   1.7379122e-01
   2.5977330e-01
   3.9990365e-02
   4.2918319e-01
   2.4800905e-01
   5.9399472e-01
   1.3403839e-01
   9.6678627e-02
   1.5090893e-02
   3.0440479e-02
   2.6768598e-03
   3.0318151e-02
   4.3613361e-02
   2.6504489e-02
   1.4410899e-01
   5.3677571e-02
   1.6570652e-01
   1.5534114e-02
   2.4582551e-02
   5.0558196e-02
   5.5919246e-01
   6.3789710e+02
   2.0113592e+02
   1.8255950e-02
   5.2293905e-02
   2.7931002e-02
   2.7513002e-01
   2.1612126e+02
   4.8364587e-02
   5.7031857e-02
   3.8613864e+00
   5.0337559e+00
   3.6677744e+00
   1.6965493e-01
   9.1234687e-02
   4.3410443e-02
   1.8895112e-01
   2.5488461e-01
   1.0116599e+02
   1.4167504e+02
   3.8427368e-02
   2.4760944e-02
   1.6243160e+02
   2.0523759e-05
   3.1037560e-02
   2.1987381e-02
   5.3915859e-02
   3.8413267e-02
   1.1538338e+02
   2.1701082e-01
   2.3109853e-01
   6.1929099e-02
   8.2432029e-02
   8.5359219e-02
   5.1776049e-01
   2.9672568e-01
   7.2003290e-02
   2.5290966e-01
   6.0897852e-02
   5.6820286e-02
   6.5543593e-02
   1.8375775e-01
   2.8831732e-01
   9.1346823e-02
   3.0623492e-01
   7.2281213e-01
   1.8838241e-02
   1.3485489e-01
   7.0971359e-02
   6.4326304e-02
   1.2621205e-02
   1.3697975e-02
   1.6234670e-02
   2.6044846e-03
   4.1429407e-02
   1.2810925e-01
   2.2489854e-01
   4.1101753e-02
   3.3951085e-01
   2.4412261e-01
   8.7240438e-01
   1.1403954e-01
   3.7212061e-02
   1.0886737e-01
   2.0517847e-02
   1.2466271e-01
   3.1248466e-01
   1.9847306e-01
   1.4348708e+03
   4.6796755e+02
   5.4867523e+02
   1.7714494e+02
   1.5854279e+02
   1.4671619e+02
   1.3805346e-01
   5.5160330e-01
   2.3084626e-02
   1.3085773e-01
   1.7787899e-01
   5.5528637e+01
   6.2673590e-02
   1.7038233e-01
   7.0927087e+02
   2.6711576e-07
   1.2487652e-02
   5.3411870e-02
   1.0387984e-01
   1.2074155e-01
   7.8874262e+01
   1.2098606e+01
   6.2976103e-02
   1.0433031e-01
   7.4229975e-01
   4.2510046e-02
   2.7093612e-02
   2.5878007e-01
   4.2350104e-01
   2.2830022e-01
   8.0257834e-02
   3.0866544e-01
   3.6354642e-02
   6.9514920e-02
   5.0527922e-01
   6.1722683e-01
   2.0471534e-01
   3.9003260e-02
   1.2435236e-01
   9.0356568e-02
   2.9615690e-02
   6.1702838e-02
   4.7306216e-02
   2.1915753e-02
   9.0717295e-02
   3.0756315e-02
   2.3112693e-02
   9.2230497e-02
   1.6313933e-01
   8.2660410e-02
   3.7942317e-01
   3.5196285e-01
   3.5730359e-01
   5.2648506e-02
   4.4964951e-01
   1.2100574e-01
   6.3409060e-03
   6.4093101e-02
   6.2057628e-02
   1.3376709e+03
   5.1231223e+02
   3.5715318e+02
   1.5250955e+02
   1.3246092e+02
   4.0760872e+02
   1.3090412e+02
   6.1616004e-02
   1.9722563e-01
   1.4522075e-01
   5.7826237e-01
   1.1291536e+00
   1.4166194e+02
   1.0972967e+00
   6.8730327e-01
   4.5180961e+02
   7.4559715e-03
   3.5391133e-02
   7.0309516e-02
   9.8414927e-03
   9.2861275e-03
   2.1476913e+02
   9.5206428e+01
   2.3621386e+02
   6.4330394e+01
   1.0082948e-01
   3.9297728e-01
   3.7200138e-02
   4.3066781e-01
   6.0174867e-02
   4.8027128e-02
   6.0353726e-02
   4.5897598e-02
   6.5908156e-02
   9.6889423e-02
   6.5915818e-02
   3.3902958e-01
   4.0700519e-02
   9.7339288e-02
   2.6275308e-01
   9.9662260e-01
   1.1315019e-01
   1.3840366e-01
   2.2663394e-02
   1.0536295e-02
   1.2068738e-01
   4.0842078e-02
   1.4721599e-01
   1.7699541e-01
   3.5441047e-02
   3.6472201e-02
   3.7487051e-02
   3.0748224e-01
   4.2497938e-01
   1.3133212e-01
   6.1136533e-02
   4.7063296e-02
   1.4597731e-01
   3.6856780e-02
   2.1774602e-02
   6.2097226e+02
   2.2877956e+02
   3.6645922e+02
   3.4180946e+02
   8.2296488e-02
   3.5213825e-01
   1.9977160e-01
   1.4539693e-01
   8.0397028e-02
   4.1808474e-02
   1.4206094e+00
   2.2401055e-01
   8.8567665e+02
   8.0327293e-01
   2.6233681e-01
   3.4774620e-01
   6.8703819e-03
   4.0468665e-02
   3.8704155e-02
   6.8983430e-02
   4.5832332e-02
   3.1709188e+01
   3.4178274e+01
   9.4262825e+01
   4.9996109e+02
   6.1296305e+02
   9.0156502e-02
   2.6598435e-02
   2.0584061e-01
   1.0327007e-01
   7.5758349e-03
   1.4047083e-01
   5.2546495e-02
   4.0445051e-02
   4.4277960e-01
   3.8804129e-01
   4.6303349e-01
   2.2584814e-02
   5.3708672e-02
   7.7831187e-02
   1.5858099e-01
   1.6573535e-01
   5.0152060e-02
   5.6716571e-02
   2.7171032e-02
   1.8548067e-02
   9.4767125e-02
   1.0369623e-01
   8.4323297e-02
   5.9507757e-02
   1.1911529e-01
   3.9416849e-02
   6.1331308e-02
   7.4542069e-02
   1.8637870e-02
   2.4020180e-01
   1.5463688e-02
   9.7202797e-02
   2.7707045e-02
   2.1418470e-01
   4.3289125e+02
   3.1246475e+02
   2.4537034e-02
   2.0304704e-01
   5.1922307e-02
   1.5744443e-01
   2.2767724e-02
   1.6200313e-01
   1.3392264e-01
   1.0863672e+03
   8.0539180e-02
   9.1524996e+02
   3.8966762e+03
   6.9340791e-02
   6.9507214e-01
   2.9603967e+00
   4.8701378e-02
   3.8462371e-02
   1.2849003e-01
   3.1584221e-02
   2.7923231e-01
   3.2944068e-02
   1.3461730e-01
   9.4097198e+01
   1.3379827e-01
   1.0619800e+03
   5.0513973e-07
   4.3145060e-02
   6.7842990e-02
   2.0172682e-01
   4.2163117e-03
   8.7313473e-02
   4.0730360e-02
   3.9507085e-01
   6.8411168e-02
   4.0193340e-02
   1.6788469e-01
   3.8614490e-02
   3.2687825e-02
   5.2586727e-02
   6.9910628e-02
   3.6015478e-01
   3.4433959e-02
   7.5603021e-02
   7.8803379e-02
   1.5062903e-02
   5.9115760e-02
   2.1449832e-01
   1.0936463e-01
   1.0964961e-02
   1.2889924e-01
   1.2132988e-01
   2.6574942e-02
   1.6552384e-02
   7.4024906e-03
   2.2724872e-02
   6.8796987e-02
   2.6666939e-02
   9.8117760e-02
   1.6609695e-01
   1.9100720e+02
   5.5628117e-02
   1.0618926e-02
   8.7395782e-02
   5.3438815e-02
   3.5236464e-02
   1.1856284e-01
   3.0993233e-02
   4.6116437e-02
   2.1288777e+03
   5.3889422e+03
   2.0601605e+03
   1.9520456e+03
   1.0595868e-01
   2.1242901e-01
   2.1145061e-01
   3.3374682e-01
   5.0926819e-01
   1.4927948e-01
   2.5937070e-02
   5.7597560e-02
   3.1528753e-01
   7.3980459e+01
   3.7608981e+02
   5.3826655e-02
   2.0490868e-01
   8.3239529e-02
   4.6341620e-02
   2.1225815e-01
   3.7511824e-02
   2.9672367e-02
   8.0122052e-02
   1.4622661e-02
   2.9795705e-02
   4.4083375e-02
   9.8023378e-03
   3.6969077e-02
   1.3855572e-02
   1.0717211e-02
   1.4787804e-01
   1.1862654e-02
   6.8002205e-02
   5.9637389e-01
   2.3932792e-02
   8.6947930e-02
   9.1195948e-02
   3.7120547e-02
   8.8524396e-02
   7.4988836e-03
   8.1058632e-02
   3.1575574e-02
   2.8318650e-02
   1.2834811e-01
   7.5751799e-03
   7.4587175e-03
   7.4471835e-02
   8.2199359e-02
   1.7021522e-01
   8.8586667e-02
   1.7194405e-02
   6.0450279e-02
   9.1131743e-03
   7.0491208e-03
   1.7739150e-01
   5.2499269e-02
   1.2259935e-01
   4.0758227e-02
   5.3388259e-02
   2.9255677e-02
   3.2748463e-02
   8.7854313e+02
   1.9814322e+02
   1.0657342e-01
   1.4195997e-02
   1.1925984e-01
   3.0381934e-01
   3.0569452e-01
   1.8916608e-01
   6.4570728e-02
   4.6350174e-02
   5.0569330e-02
   2.1030510e-02
   2.6943908e+01
   4.3263560e-02
   9.9378773e-02
   3.9466684e-02
   4.0463079e-02
   1.4637223e-02
   3.5085039e-02
   1.7936236e-02
   1.2507479e-02
   9.3059364e-02
   6.2312607e-02
   1.4808112e-01
   1.6830329e-01
   2.9387536e-02
   5.3752409e-02
   3.9494636e-02
   8.4155550e-02
   3.4190965e-02
   1.0130231e-01
   1.1191897e-02
   4.5091609e-02
   2.0599127e-02
   1.1470918e-01
   4.4176688e-03
   2.4741615e-01
   2.9664314e-02
   2.1528788e-02
   2.3165222e-02
   2.0915146e-02
   2.6880648e-01
   2.0168417e-02
   4.0737079e-02
   1.4980374e-01
   5.0226401e-02
   2.8952333e-02
   5.9726422e-02
   1.8088409e-01
   3.8100324e-02
   3.7040238e-02
   3.1063232e-02
   8.7433223e-02
   1.5022357e-02
   2.8098746e-02
   8.0532673e-02
   7.7978420e-03
   3.8107966e-01
   6.5009600e-02
   7.8874003e-02
   4.6303654e-01
   2.2238801e-01
   1.5582146e-01
   4.8536938e-02
   6.8588654e-02
   8.6431145e-02
   4.0347817e-02
   4.5654013e-02
   6.5354667e-02
   2.4841110e-02
   8.8681802e-02
   7.4413938e-03
   9.1472900e-02
   2.8780928e-02
   6.1184149e-02
   8.5808706e-02
   4.4106970e-02
   2.2876236e-02
   2.7194015e-02
   2.3092301e-02
   3.2285527e-03
   2.8645499e-02
   5.9433258e-02
   2.7395064e-01
   4.2217291e-01
   1.4906746e+00
   4.1622067e-02
   2.6346814e-01
   4.3055697e-01
   2.5633588e-01
   8.9047591e-02
   1.7229195e-01
   9.9096495e-02
   7.6067569e-03
   2.1325184e-02
   3.4133360e-02
   2.4559177e-02
   5.7268385e-02
   9.9369551e-03
   1.3994849e-02
   5.3494193e-02
   7.9950887e-02
   4.9159360e-02
   1.2101310e+00
   3.7552167e-02
   1.9003435e-02
   3.0171347e-02
   5.3286427e-02
   5.6306337e-01
   1.1002532e-01
   1.6616305e-01
   8.7692711e-02
   2.1985687e-01
   1.3992418e-02
   9.1093716e-01
   5.7297092e-01
   3.1190791e-01
   2.5990407e-01
   6.8016118e-02
   1.3633072e-02
   5.6558267e-01
   2.8080632e-01
   1.1009112e-01
   3.6636113e-01
   5.0442046e-02
   3.3491371e-02
   8.4809765e-02
   9.0024997e-02
   5.5088623e-02
   3.6457886e-02
   1.6134238e-01
   2.3624723e-03
   4.4783575e-02
   5.1114853e-02
   5.5389846e-02
   5.7949047e-02
   9.8564340e-02
   1.1116140e-01
   5.4578612e-02
   5.2122905e-02
   1.2743081e-01
   2.5699021e-01
   6.0540451e-03
   2.3207425e-01
   6.2160834e-02
   3.1241972e-01
   2.6210553e-01
   5.4039478e-02
   8.4877619e-02
   6.8893790e-01
   3.0998192e-01
   1.3946626e-01
   1.0465232e-01
   2.9234952e-02
   4.9101598e-02
   5.8447214e-02
   4.2079109e-02
   2.4970298e-01
   1.8836157e-02
   1.4833787e-01
   1.3351993e-01
   7.3785496e-03
   5.2551092e-03
   5.4476336e-02
   6.9876954e-02
   9.6459792e-03
   7.7701437e-02
