   1.1906326e+03
   1.4121645e+03
   1.1506108e+03
   1.0148469e+03
   4.4199533e+03
   1.4739456e+03
   1.3197819e+03
   2.2888656e+03
   3.8653291e-02
   6.5349934e-03
   2.7132587e-02
   1.0926078e-01
   2.4244583e-02
   5.3550375e+02
   3.8919336e+01
   1.7665254e+01
   2.9100341e+02
   4.0649641e+02
   4.5367129e+02
   2.8326404e+03
   2.9287600e+03
   9.2084827e+03
   3.4264575e+01
   3.3300604e+01
   1.3815445e+01
   5.3098221e-01
   3.0086721e-02
   1.7489051e+01
   1.0330243e+01
   3.3604081e+01
   1.1265338e+01
   3.0439707e+01
   7.0215440e+01
   8.9626092e+01
   8.4368667e+01
   6.5364143e+01
   8.3329041e+01
   3.0733862e+01
   1.1064266e+02
   2.1434873e+03
   3.9581450e-02
   5.1877171e-02
   6.7796663e+00
   6.5626376e+00
   1.1626786e+01
   2.8341056e+01
   2.4052418e+01
   1.3474555e+02
   9.8643442e+01
   4.1944057e+01
   4.8015509e+02
   1.1544560e+02
   1.9188204e+02
   1.3963810e+02
   5.7301203e-02
   4.6320532e-02
   2.7025655e-01
   2.1160992e-01
   9.3693176e-02
   3.2308957e-02
   4.0642673e+02
   8.7178978e+02
   1.2157469e+03
   1.0009660e+03
   2.0209472e+03
   5.5470654e+02
   1.0578325e+03
   2.1219046e+02
   6.5555796e+01
   2.7943412e-03
   2.9293050e-03
   1.7450537e-01
   1.0633588e-02
   3.6434060e+02
   4.3394096e+01
   2.0572530e+01
   2.9627586e+01
   2.6147406e+01
   3.3117555e+03
   1.9003125e+03
   1.3379598e+04
   6.6667480e+03
   1.6433802e-01
   1.6536901e+01
   2.7102349e+01
   1.3049971e+01
   5.2762118e+00
   1.2339886e-01
   4.1340088e-01
   3.5117284e-01
   1.4205921e+02
   7.3821106e+02
   1.7951239e-02
   1.0308538e+02
   1.3378888e+02
   1.3903750e+02
   2.2000926e+02
   3.2440576e+02
   2.3175970e+02
   4.9969336e+03
   8.3284350e+03
   5.3768327e-03
   2.2233665e+02
   6.0722779e-01
   5.4494597e-02
   7.8293244e-02
   9.5959056e+02
   9.6138778e-04
   1.4459076e+02
   1.5404885e+02
   5.3438937e+01
   6.7495648e+01
   7.3800572e+01
   1.4709371e-01
   1.4355904e+02
   5.7913021e+01
   1.6269834e+02
   2.1729988e-02
   4.2999779e-02
   1.0550347e-01
   4.2430438e+02
   5.3306156e+01
   6.4094973e+01
   1.2077329e+01
   5.5695165e+01
   6.7498273e+03
   7.9174935e+02
   9.4648566e+02
   6.3009037e+02
   1.4912381e+02
   5.2368644e-03
   2.5058561e+02
   1.3364119e+02
   5.6726416e+01
   1.7060083e+02
   4.6983131e-05
   1.7855517e-02
   6.2982445e-02
   2.2050019e-02
   8.6268916e-02
   6.0567164e-01
   8.5981077e-01
   2.5644368e-02
   1.7006405e+02
   9.9763399e+00
   9.6862494e-03
   7.2004824e-01
   3.0265561e-01
   8.6359853e-02
   4.4519783e-01
   1.9442952e-01
   5.7752067e-02
   5.8540158e-02
   4.0561964e-01
   4.0519942e+02
   2.3732831e+02
   1.4994293e+02
   1.6674101e+02
   1.9364931e+02
   1.2051647e+04
   5.8927873e+00
   4.1378208e-02
   7.6851557e+02
   8.7533862e+02
   2.4362826e+02
   8.3250858e+02
   1.1526291e+03
   2.0397271e+02
   2.0499499e+02
   1.6567411e+02
   1.0144827e+02
   3.0028999e+02
   3.0587753e+02
   5.6845780e+00
   2.3625123e+01
   4.0893435e+01
   2.3938469e+01
   3.9363912e+02
   1.6143102e-01
   1.7210177e-02
   3.8631125e+02
   2.3290310e+01
   8.3776550e-03
   5.0281184e-02
   1.1627940e+02
   5.1745501e+02
   8.1615832e+02
   3.8127759e+02
   7.0244000e+02
   1.3936358e+03
   1.0373063e+03
   9.2008395e+02
   4.1013219e+02
   5.9696632e+02
   9.6600706e+02
   1.0253230e-03
   2.7316875e-02
   5.6547081e-02
   1.5624888e-01
   1.8699425e-01
   7.9975412e-01
   3.5367282e-01
   1.0886879e-02
   8.3831572e-02
   1.2766191e-01
   8.6995133e-03
   2.9224225e-02
   1.0170238e-01
   8.4978230e-03
   7.6886815e-02
   1.1406296e-02
   8.2001993e-02
   2.2390029e-02
   1.8549360e-01
   8.0276198e-02
   5.1726537e+01
   1.7389933e+02
   4.9747343e+01
   1.8377006e-02
   1.7499990e+04
   2.3824442e-03
   1.4542723e+03
   2.0704812e+02
   2.8967455e+02
   9.8996116e+01
   1.5332911e+02
   5.5085120e+02
   1.3175175e+03
   1.3060066e+03
   1.2695160e+03
   6.8698615e+02
   4.9475380e+02
   1.7205510e+02
   1.2600545e+01
   2.2948735e+01
   1.6356731e+01
   1.8213836e+01
   3.0309390e+01
   1.8880100e+02
   2.2351097e-01
   4.9854967e+02
   1.5678893e+02
   1.6952958e+02
   6.2583807e+02
   1.5489679e+02
   7.9787430e+01
   5.7024325e+02
   5.7365434e+02
   6.0344386e+02
   1.5999310e+03
   1.0767946e+03
   1.7691394e+03
   2.9111418e+03
   1.5082766e+03
   2.1255948e-06
   9.9392545e-03
   5.0047547e-02
   3.8775727e-02
   1.8396836e-01
   1.8869435e-01
   5.0576427e-02
   2.1964312e-03
   7.5797383e-03
   4.8279764e-02
   3.3086650e-01
   1.2924384e-01
   2.9191007e-01
   6.1056139e-02
   2.9754452e-02
   4.2837372e-02
   3.1660245e-02
   6.2461890e-02
   7.2035888e-02
   4.6684689e-02
   4.0328402e-01
   1.6837346e-02
   7.5976684e-02
   1.8872602e-01
   1.2418560e-02
   1.2742926e+04
   6.4824482e-03
   1.6480567e+02
   1.0255863e+02
   7.7864991e+01
   4.4968259e+01
   1.8972346e+03
   5.8855419e+02
   1.4578794e+03
   6.3012228e+02
   5.7088482e+02
   5.7047078e+02
   1.7639541e+03
   3.0743786e+01
   4.5408890e+01
   1.8575580e+01
   1.7436540e+01
   7.8302125e+01
   6.1375997e+01
   6.9568817e+02
   1.5172855e-04
   8.0258996e+02
   4.1417470e+02
   2.2767629e+02
   1.9132720e+03
   1.7300963e+02
   2.6412395e+02
   2.5054868e-04
   5.2875612e-02
   1.7168915e-02
   1.1444988e+03
   3.0062196e+02
   1.4843333e+02
   5.8190191e+01
   2.8503486e+02
   4.7648335e-02
   1.0222835e-01
   6.9705798e-02
   1.0765603e-01
   1.3641932e-01
   3.6987970e-02
   3.9569915e-02
   5.9114279e-03
   1.0051459e-01
   4.7377586e-01
   2.0315852e+00
   1.2421939e-01
   1.0563428e-01
   2.7011371e-02
   5.5211662e-02
   3.2770758e-02
   1.7190518e-01
   5.5642539e-02
   6.6464343e-02
   2.5021481e-02
   9.7603950e-02
   1.1231254e-01
   1.9500586e-01
   3.1670716e-02
   1.4630691e-02
   1.9214199e-02
   4.8388811e-02
   6.5054100e-02
   9.8064415e+00
   7.9050405e+00
   6.2746116e-02
   6.1451224e+01
   5.7108092e-02
   9.8835025e+02
   2.4798579e+02
   1.1722963e+02
   2.3532250e+01
   7.8221874e+01
   8.4432033e+01
   4.7938277e+01
   2.6190273e+02
   1.3833766e+01
   7.7140236e+01
   2.0060646e+02
   5.1051395e+01
   8.5555025e+01
   2.0614866e-03
   9.3225470e-01
   2.4945241e-01
   6.8453243e+00
   4.6716504e+01
   3.0002531e+01
   7.3329233e-03
   6.5023418e-02
   1.6671633e-01
   1.4312293e-01
   5.8723458e-01
   2.7127775e+02
   2.4575072e+01
   2.2770927e-02
   9.3186781e-02
   8.9523910e-02
   1.3678364e-01
   7.7209265e-02
   3.8735496e-02
   8.1429425e-02
   3.0195645e-01
   8.0999318e-02
   5.7344621e-02
   1.8984719e-01
   3.8543673e-01
   1.2680020e-01
   4.6227955e-01
   1.2563270e-02
   8.9738312e-02
   1.5765162e-01
   9.6941213e-02
   5.3276205e-01
   3.8229624e-02
   1.4658332e-01
   1.8760638e-01
   2.8545644e-01
   1.3796361e-01
   4.7176209e-01
   2.3152475e-03
   6.1231734e-02
   4.3739512e-02
   4.9343446e-03
   5.8168895e-02
   5.2876865e-02
   2.3079642e-01
   6.5184750e-02
   5.8240631e-01
   8.8183347e+01
   8.8372840e+01
   8.0873431e+01
   3.9970904e+02
   1.6226382e+02
   1.1517060e+02
   5.3010479e+01
   1.1884877e+02
   1.9716455e+01
   3.0728143e+01
   2.5030114e+02
   6.3103784e+01
   3.2450154e+02
   2.9901818e-02
   6.2490762e-01
   1.3998991e+01
   1.7063062e+01
   1.0750781e+01
   2.7204518e+01
   4.2334695e-03
   3.2280798e-02
   5.1355385e-02
   2.0397751e-01
   1.4648293e-01
   3.0328050e-01
   3.0683394e-01
   6.5441745e-02
   4.3208212e-01
   1.0191684e-01
   5.5398228e-02
   2.0235299e-01
   3.4908079e+01
   5.5235814e-02
   1.6806948e+00
   3.6835379e-01
   2.6940084e+00
   2.0780733e-01
   4.5497924e-02
   4.2371928e-01
   1.0087285e-01
   1.5335141e-01
   7.8471322e-02
   1.0727592e-01
   8.9399692e-01
   2.1628348e+00
   6.0045611e-02
   2.5263987e-01
   4.5506000e-02
   7.3039930e-02
   4.1079484e-01
   3.1372897e-01
   1.7357713e-03
   2.5933557e-02
   7.0018561e+02
   2.9098397e+02
   1.0637631e-01
   8.3330064e-02
   1.2939409e-01
   4.0755410e+02
   1.2437415e+02
   1.1723428e+02
   1.1731510e+02
   1.0158845e+02
   1.0014631e+02
   4.5748075e+01
   1.5689169e+01
   3.2384602e+01
   6.8251119e+01
   1.4513548e+02
   2.1515423e+01
   1.3993013e+03
   2.0417000e+01
   5.5920074e+02
   7.4937876e+01
   1.3876902e+01
   2.4390889e+01
   1.7689749e+01
   2.6537741e+01
   1.2071447e+01
   1.7390471e-02
   3.6597812e+01
   3.1795590e+00
   1.0857079e-02
   9.1395661e-02
   4.2397985e-01
   3.8726432e+01
   1.6296882e+01
   1.3066734e-01
   1.3054517e-01
   4.8188129e+01
   6.2609259e+01
   8.8013977e+01
   1.0544326e+02
   2.1204911e-01
   1.6787442e+00
   2.1345224e-01
   7.7753670e-02
   1.4323767e+00
   5.9240107e-01
   4.5274736e-01
   2.0916044e-02
   1.5031760e-01
   5.8130519e-02
   1.4752095e+00
   2.8947805e-01
   8.3698998e-02
   6.7006555e-02
   5.5634468e-01
   7.7019017e+02
   1.9578058e-01
   8.2694813e+02
   9.4807227e+02
   3.8146517e-01
   3.3241853e-01
   4.1062891e+02
   1.3787456e-05
   1.6224478e-01
   4.0951412e-02
   3.3897451e+02
   4.0923230e+02
   4.2422682e+02
   5.9089356e+02
   1.0235375e+03
   4.1839821e+02
   1.9075611e+02
   1.0789657e+02
   9.0537086e+01
   6.2908728e+01
   1.6266641e+02
   7.1619436e+01
   2.9581035e+01
   9.6135747e+01
   3.5385328e+01
   4.3685306e+01
   2.5856206e+02
   6.6522478e+01
   5.7411753e+01
   2.0820829e-01
   7.0287998e-02
   2.5135184e-02
   5.5731591e+02
   4.7946719e+01
   4.9553181e-02
   2.4063576e-01
   2.0582293e+02
   1.9116236e+02
   5.6058606e+01
   3.0428868e+01
   6.3428811e+00
   1.5274491e+02
   1.6791851e+02
   7.0142830e+01
   3.5596586e+02
   3.2203972e+02
   1.0819447e+00
   1.0334833e-02
   3.3026661e-01
   1.7866185e-01
   3.6069939e-01
   4.8959190e+02
   3.6003134e-02
   2.6490100e-02
   2.9839509e-01
   2.7395550e-01
   2.8707768e-02
   3.1326965e-01
   9.9935708e-02
   8.2656485e-02
   1.0622380e+03
   1.1302259e+02
   1.1560610e+03
   7.1862583e+02
   4.2891687e-01
   2.6517133e-01
   9.5977061e+02
   3.8143999e-07
   3.6252977e-02
   2.6520475e-01
   1.6606506e+02
   8.0479185e+01
   3.3058924e+02
   2.0656888e+02
   6.7213987e+01
   2.0806437e-03
   3.9692488e+02
   7.6751716e+01
   6.3361057e-02
   1.2982037e+01
   1.2164961e-01
   2.4439807e+01
   8.0875233e+00
   1.5365804e+02
   8.5487654e+01
   1.4040974e+02
   3.9348135e+01
   4.9759222e+01
   1.0031397e+01
   6.1863548e-02
   6.8565037e-03
   7.6422449e+01
   2.2652734e+02
   1.5201003e-01
   4.2735604e-03
   5.7649606e+02
   8.8720492e+01
   2.4759144e+01
   6.1943843e+00
   2.4435076e+01
   2.9413880e+01
   1.3665245e+01
   2.7161602e+01
   6.8239592e+01
   8.4981792e+01
   3.1197048e+02
   4.1016178e-03
   9.3501123e-02
   8.6225869e-02
   1.1033433e-01
   7.6851831e-02
   6.6328736e+02
   4.9697356e-01
   6.8242538e-02
   8.2299571e-02
   1.3601883e-01
   4.1152340e-02
   3.8987317e-01
   1.0216544e-01
   2.9707687e-01
   1.1152749e+03
   1.3177612e+03
   3.5841995e+02
   3.0168925e+02
   1.2751824e-02
   8.5377574e-02
   1.4837453e+02
   3.8461014e-03
   4.3405707e-01
   4.1747003e-02
   1.1863250e+02
   1.0045396e+02
   1.1554358e+02
   8.9373544e+01
   4.1501631e-02
   2.2287629e-02
   7.4623414e-03
   1.8608273e-01
   1.5618338e-01
   6.4374128e-02
   3.1202662e-03
   9.0424098e-02
   2.7110458e+01
   8.1957517e+01
   6.2293839e+00
   9.9289078e+02
   2.0469767e+03
   1.1409437e+01
   3.6670394e+02
   1.3422803e+03
   6.1163253e+00
   1.0664058e+02
   4.2995499e+02
   2.3411945e+00
   1.3628123e+02
   8.8959057e+01
   2.1105427e+01
   1.8029593e+02
   5.0799502e+01
   1.4775277e+01
   2.1217034e+01
   2.5692552e+01
   1.3434010e+02
   3.8517759e+02
   6.1840644e-01
   3.1620847e+00
   2.5398215e-04
   9.0890826e-02
   1.8613225e-01
   1.8414319e-01
   5.1810985e+02
   1.4013493e+03
   9.9995838e-02
   4.4663894e-02
   3.7371065e-02
   2.7507376e-01
   2.9525603e-02
   2.3798353e-01
   1.3371163e-01
   7.8095937e-03
   1.9860255e+03
   2.1892740e+02
   4.2519683e+02
   1.0063452e+02
   3.0440920e-02
   6.9680455e-02
   7.9731977e-02
   6.1437855e-02
   5.9784109e-03
   3.5099925e-02
   2.3833005e-01
   1.0818830e+02
   1.5993366e+02
   8.8820213e-03
   1.4701858e-01
   2.7452231e-02
   2.6131209e-01
   1.6302443e-01
   3.9082967e-02
   3.8398109e-02
   1.6424461e-01
   7.9215308e-02
   9.6532799e+02
   2.1883542e+02
   3.6945738e+03
   3.6094816e+02
   2.0270180e+02
   1.9476710e+02
   1.1949550e+02
   5.0836881e+01
   3.1272056e+02
   7.2218438e+01
   6.1119997e+01
   2.8446698e+02
   1.8786520e+01
   2.5830945e+01
   1.5652087e+02
   1.5139418e+02
   1.6532517e+01
   1.2001082e+01
   1.1035934e+02
   9.0967738e+02
   7.7851366e+02
   2.9271718e+02
   9.2911553e-03
   8.5733387e-01
   4.5130061e+00
   1.5432246e+02
   5.7071773e-02
   7.7449524e-02
   1.1804779e+03
   2.5749860e-05
   1.3452906e-02
   4.6451392e-02
   1.2343885e-01
   2.4650402e-01
   1.9116307e-01
   2.4900127e-01
   7.5197598e-02
   2.6857637e-01
   4.8028173e-02
   9.2531417e+01
   6.5613925e+01
   9.6406569e-05
   9.4847065e-02
   9.4744680e-02
   1.1654619e-01
   1.1540364e-01
   4.1268274e-02
   5.3194765e+03
   5.4511235e-03
   7.0886204e-02
   7.3340667e-02
   7.8094586e-02
   2.4276171e-02
   4.1599439e-02
   8.6756240e-03
   3.3344452e-01
   9.3517349e-02
   4.3431535e-02
   3.2030469e-01
   1.8713191e-01
   1.0527025e-01
   1.7377621e-01
   5.0378999e-02
   3.1304979e+02
   3.6713554e+02
   1.3451967e+02
   2.1892490e+01
   9.1339679e+00
   5.5665247e+02
   1.4987966e+02
   7.8717238e+01
   1.0608895e+02
   2.6241182e+01
   6.4022018e+01
   8.5563076e+02
   6.5594007e-01
   6.7699455e+00
   1.3301227e-01
   2.2583236e+02
   1.3372033e+02
   7.9099873e+01
   7.8477879e+01
   5.4032141e-01
   7.0035889e-01
   3.5740322e+01
   5.7460241e-02
   1.5517350e-01
   1.1432337e-01
   1.0700071e+03
   5.4340632e-02
   5.2028791e-02
   4.7483185e-02
   2.5611203e-02
   6.6273409e-01
   8.1056611e-02
   7.2396088e-02
   1.3426385e-01
   2.2827094e-02
   5.9443694e-02
   1.2860616e-01
   2.2116799e+00
   6.9175496e-01
   4.6599557e-01
   6.5676628e-01
   1.8210201e-01
   1.3798737e-02
   5.6859227e-02
   8.5351478e-03
   1.2810237e+03
   9.5104920e-06
   1.5678598e-02
   3.5735367e-02
   3.2954773e-02
   3.2860679e-02
   5.7641657e-02
   6.7970910e-02
   1.7958473e-02
   2.7739170e-01
   3.5720857e-02
   1.1979990e-02
   3.3158224e-02
   4.3761937e-02
   3.5926678e-02
   1.4906512e+03
   6.1532305e+02
   3.4723963e+01
   2.1281198e+02
   1.0127818e+01
   5.3452513e+01
   5.5999083e+01
   3.4493099e+01
   3.3869302e+01
   1.4703574e+01
   8.7280966e+02
   5.5109919e+02
   1.4526722e-02
   1.1502323e-04
   4.0327678e-02
   3.0394929e+01
   4.0789778e+01
   1.6907144e+01
   1.0679718e+01
   2.0030306e+01
   7.5133116e+00
   2.3650319e+02
   4.9428236e+01
   2.6704461e+02
   7.6796758e+02
   3.4056409e-04
   3.4044383e-02
   3.2933625e-02
   1.8976094e-01
   2.5593202e-02
   2.0313891e-01
   1.7780458e-02
   1.6548406e-01
   1.8503098e-02
   3.0181962e-02
   6.7502534e-02
   3.2593126e-02
   5.5572162e-02
   4.9530252e-01
   1.0803323e+00
   2.4997968e+00
   6.8224104e-02
   2.7433190e-01
   3.7504309e-02
   8.6607148e-02
   1.8690346e+02
   5.0620091e+02
   1.2892393e+02
   2.6991319e-02
   1.3730676e-01
   3.8756584e-02
   3.2356343e-01
   8.8728813e-02
   1.2804713e-02
   4.0079164e-01
   2.7243494e-02
   4.1182107e-02
   9.0087086e-03
   1.4782778e-01
   1.7017309e-01
   4.9629280e+02
   3.9248644e+02
   3.6477855e+02
   2.1342565e-03
   5.4625470e+01
   7.5408610e+01
   1.4999824e+02
   2.1837140e+01
   6.4750234e+01
   2.8127535e-02
   6.9422013e+02
   4.1608893e+01
   5.3855139e+01
   4.3582743e-01
   3.6666546e-02
   1.2594972e+03
   7.3151508e+02
   1.8530319e+02
   2.0188911e+01
   2.4307727e+01
   2.0741398e+01
   2.1826265e-02
   4.3403363e+02
   2.5894744e+02
   8.9641122e+01
   1.7195118e-01
   1.1379775e-01
   1.3887261e-01
   6.1844506e-02
   3.6172820e+02
   6.3675362e-02
   2.0089663e-02
   3.9703165e-02
   1.1408329e-02
   6.6922613e-03
   3.3269608e-02
   6.3311485e-02
   1.8079656e-01
   3.9288929e-02
   1.5190647e-01
   5.2512920e-01
   3.1221759e-01
   1.4044249e-01
   8.4129605e-03
   3.8834919e-01
   1.0628138e+02
   2.2986060e+02
   3.7698361e+02
   4.7441868e+02
   5.2294039e-04
   5.0300607e-02
   7.3977671e-01
   1.4466381e-01
   1.1592529e-01
   4.7956537e-02
   3.4363583e-02
   1.6729491e-02
   1.7156926e-02
   1.4069044e-01
   1.2512241e-01
   2.8164158e+02
   3.7482440e+02
   1.2713302e+00
   8.2622562e-03
   1.3850324e+02
   2.4524261e+02
   4.4617159e+02
   2.6662325e-04
   5.3541951e-02
   1.2726477e-01
   2.5356963e-03
   7.3697452e+00
   1.8276865e+01
   6.0103378e-02
   2.8179097e+00
   5.8645479e+02
   5.8476373e+02
   3.9376012e+02
   3.8900326e+02
   1.1556063e+02
   8.1287840e-02
   1.4288844e-01
   1.7486450e+02
   3.1522390e+02
   4.6378590e+01
   1.9586295e-01
   1.4766466e-02
   2.1893102e-01
   2.1922237e-01
   8.5750819e+02
   4.1831775e+02
   5.8944037e-02
   2.8654464e-02
   9.6570123e-03
   2.3156959e-03
   2.0947940e-02
   2.5613781e-02
   3.7264280e-02
   2.1606765e-01
   1.0614068e-01
   2.6390641e-02
   9.8738129e-02
   1.0109162e-02
   3.6022658e-03
   1.3262656e-01
   6.2066208e-02
   4.3525864e+02
   1.1603142e-05
   1.4905417e+03
   8.1386740e-05
   3.1980559e-01
   2.3259216e-01
   1.0598941e-01
   1.9775711e-01
   4.7534886e-02
   2.9289960e-01
   1.1979420e-01
   7.8253902e-02
   1.4470781e-02
   2.3613316e-02
   1.0559155e+02
   2.1038797e+01
   5.6628779e+01
   3.6133936e+01
   5.8712359e+01
   1.6630026e-01
   1.9955801e+01
   2.0177943e-02
   2.2231999e-01
   1.0694189e+01
   1.7126711e-02
   6.2723587e+00
   5.2933234e+00
   2.0409418e+01
   1.6819986e+01
   2.1500673e+01
   1.6032322e+01
   2.5132857e+02
   3.1411325e+02
   5.2010592e-03
   3.5000159e-02
   8.4591501e-02
   7.9259926e-02
   1.8007813e-02
   2.0702915e-02
   8.9096132e+03
   6.8929646e-03
   3.5518594e-02
   1.9341973e-01
   6.4938754e+01
   7.4319269e+01
   8.5098681e+00
   1.9404278e+01
   3.0110256e-02
   2.1159703e-02
   5.8591885e-02
   8.5840976e-02
   4.7733593e-02
   6.7623636e-02
   2.2433502e-01
   5.3804038e-02
   5.5355649e-01
   3.9807501e-02
   5.2388535e-03
   2.2868602e-02
   4.6890754e-03
   4.8364017e-02
   1.5734678e-01
   4.9968298e-02
   9.3415288e-02
   2.9516177e-01
   5.4702776e-01
   2.1724525e-01
   1.0030659e-01
   8.3003004e-02
   1.8374406e-01
   4.0667082e-02
   3.8213831e-01
   9.6789214e-02
   1.2101886e-01
   2.5179925e+01
   1.5815285e+01
   1.6999340e+01
   1.2631561e+01
   6.4963491e-03
   2.0125833e-01
   3.7129011e-02
   2.0858821e-02
   1.5895849e-01
   2.7125586e-01
   9.8641147e-02
   8.4842760e+00
   7.2519901e+00
   3.5719138e+01
   3.6405707e+01
   3.1042923e+01
   3.3000415e+01
   5.6721832e+01
   4.2286857e+02
   9.1889035e+02
   2.4869295e-03
   1.8603815e-02
   3.0139831e-02
   2.1781123e+03
   1.5129960e+04
   8.2514523e+03
   1.6991578e-01
   7.1489785e-02
   1.2123596e-01
   8.8176365e+02
   2.9889885e+02
   5.7937525e+01
   1.1560420e+02
   8.7359411e-03
   3.0291457e-02
   6.7012303e-02
   1.6514072e-01
   3.7831609e-02
   2.1605910e-02
   4.9560995e-01
   7.9156935e-02
   6.5581285e-01
   9.5763804e-03
   3.2974265e-02
   1.5769849e-02
   1.3344597e-02
   7.3363450e-02
   5.1710221e-02
   4.9238751e-02
   5.0911362e-02
   2.3345589e-01
   9.9794028e-02
   9.9274439e-02
   1.7212860e-01
   1.8859354e+00
   1.3261801e-01
   2.9046530e-01
   7.0209556e-01
   4.7019070e-01
   1.7879962e-02
   5.5642912e+01
   2.6177480e+01
   1.5703767e+01
   1.7211481e-01
   1.6391211e-01
   3.2354769e-02
   2.7526015e-01
   1.7282858e-01
   3.7524591e-02
   1.4737606e+00
   9.1172635e-02
   3.3907926e+01
   7.4525612e+00
   3.4239489e+01
   1.8834288e+01
   2.9046495e+02
   8.2345230e+01
   5.3659430e+01
   1.3645692e+03
   2.0571484e+03
   9.9356055e+02
   3.1772571e+03
   6.9040468e+03
   4.0231826e+03
   4.2200064e+03
   2.6247022e+03
   2.2239776e-02
   2.4155347e-02
   5.1896758e-02
   1.5469838e+03
   6.1837856e+02
   5.5553980e+02
   4.2837493e-04
   2.9072499e-02
   3.2658695e-01
   7.9625574e-03
   2.9456820e-02
   3.2392864e-02
   7.1515962e-01
   2.7776318e-01
   9.5512715e-01
   3.2900114e-01
   7.3172299e-02
   2.7046374e-01
   4.2868703e-02
   1.6177727e-02
   1.7887525e-02
   2.6025618e-02
   4.8607885e-02
   7.0769193e-03
   3.5268979e-02
   1.0707014e-01
   1.6475377e-01
   5.3553852e-02
   8.1042240e-02
   3.3045668e-02
   3.8442174e-02
   7.8947577e-01
   1.0450611e+02
   6.2879138e-02
   9.2618050e+01
   6.5999293e+01
   9.5777661e-03
   3.9710449e-03
   5.8039886e-02
   3.0572596e-01
   3.9815182e-02
   6.6595638e-02
   5.9515022e-02
   9.7975254e-02
   1.2182854e-01
   9.3536286e-02
   9.8991942e-03
   2.6753887e-01
   1.6325751e-02
   8.0984006e+02
   2.6567724e-01
   8.2630860e-02
   3.3159405e-01
   6.7011965e-02
   3.3206506e-02
   5.5671282e-03
   2.8955529e-01
   1.0860327e-01
   1.9684320e+02
   1.2225037e+02
   1.3364977e+02
   4.2419103e-02
   9.4758664e-02
   1.1270904e-01
   1.6643073e+02
   9.7190854e+01
   6.4863144e-04
   2.4093443e-02
   2.0917898e-01
   2.2160941e-01
   3.8067595e-02
   1.8708293e-01
   2.5340461e-01
   2.5546809e+00
   1.1937985e-01
   1.0143612e-01
   7.2898747e-02
   2.5850598e-02
   1.2611956e-01
   1.0626675e-02
   3.0053317e-02
   5.8032709e-02
   1.5153398e-01
   1.1641423e-01
   4.7250213e-02
   1.9687989e-01
   2.6881542e-01
   1.2028227e-01
   1.2592869e-01
   1.9486641e-02
   2.2063053e-01
   6.4422144e-01
   9.0366777e-01
   4.7675409e-02
   6.0628983e+02
   2.7117776e-02
   4.4608068e-01
   1.7036572e-01
   2.1565478e-03
   6.6450491e-02
   5.8660143e-02
   2.9999249e-02
   2.5412958e-01
   3.1178902e-02
   3.3527110e-02
   1.5670801e-01
   3.1597493e-02
   8.1241801e-02
   3.8516593e-01
   9.3006538e+02
   6.5571078e-02
   2.2692125e-02
   2.2462845e-01
   6.4649363e-03
   1.2993385e-01
   3.4215740e-01
   5.8320339e-02
   1.1916353e-01
   2.4116165e-01
   3.1908219e+02
   3.7744074e+01
   4.2377351e-02
   4.6892789e-02
   2.5693129e-02
   1.1066297e-01
   2.2775809e+01
   1.8910031e-01
   7.0167270e-02
   3.2008318e-01
   1.4080588e-01
   3.3602973e-02
   1.0295379e-01
   2.4513006e-01
   7.8156618e-01
   6.0456530e-01
   5.3792800e-02
   6.1813253e-02
   4.4411601e-02
   4.9864733e-02
   1.1905684e-02
   1.5419138e-02
   7.3727944e-02
   1.9233694e-02
   5.7191482e-03
   2.4330281e-02
   1.7924834e-02
   1.4746980e-01
   3.3076626e-02
   3.4611566e-02
   3.8238180e-02
   4.7319249e-02
   8.5529055e-01
   1.0922671e-01
   4.7464521e-02
   1.5760366e+02
   8.9892437e-02
   1.1479590e-01
   2.5911668e-01
   2.3829284e-02
   2.9391155e-02
   7.3278636e-02
   4.8344443e-03
   8.6984389e-02
   1.3890986e-01
   1.9872106e-02
   4.2032267e-02
   7.5481126e-02
   2.6463312e-01
   1.0528508e-01
   3.4656874e+02
   6.4419603e-02
   2.2021682e-01
   9.3414211e-03
   2.4697643e-02
   1.9921524e-01
   8.6676413e-02
   5.6331709e-02
   1.7007628e-01
   4.6311850e-03
   1.9867797e+02
   2.4131254e-02
   8.6741610e-02
   2.5708041e-02
   1.5025602e-01
   6.2865744e-01
   7.2292182e-03
   1.0012542e-02
   1.6134725e+00
   2.1142676e-01
   4.9395531e-01
   6.6418859e-01
   1.6113526e-01
   4.0041335e-01
   6.0460308e-01
   3.9753650e-02
   1.1273027e-01
   3.7122313e-02
   1.1870063e-01
   1.5353917e-01
   6.0835223e-03
   7.5025078e-03
   3.7940156e-02
   3.0342399e-02
   2.2725231e-02
   1.7337160e-02
   1.6425348e-02
   8.0596605e-02
   2.0626029e-02
   1.0715782e-01
   1.5171357e-02
   3.9269405e-02
   8.5568258e-02
   3.8748804e-01
   3.0637571e-02
   1.9545035e-02
   3.1383518e-01
   5.9472892e-02
   1.0424434e-01
   1.5272863e-02
   3.8856730e-02
   7.6033959e-02
   2.1756865e-02
   9.6051445e-02
   7.4600628e-02
   8.6653090e-03
   3.3914356e-02
   6.2305511e-02
   4.2706670e-02
   1.5080305e-01
   1.2342734e+02
   1.7387582e-01
   2.5833420e-02
   9.7248613e-03
   2.4389897e-02
   1.6714690e-01
   1.7138212e-01
   1.4908939e-02
   9.5185111e-02
   2.4348815e-02
   8.9292268e-01
   3.5353591e-02
   2.7225045e-01
   9.4561859e-03
   6.3275861e-02
   4.1805934e-01
   1.3701231e-01
   1.2143505e-01
   3.9463799e-01
   1.2341642e-01
   1.5405705e-01
   9.3393174e-01
   5.0121119e-01
   1.6111795e-01
   6.5247497e-02
   2.0066727e-01
   4.7202605e-02
   3.2075090e-01
   9.1166346e-02
   1.5504003e-01
   2.8117993e-03
   2.1355002e-02
   7.2232809e-03
   1.0667123e-01
   4.4320846e-02
   5.6691165e-02
   4.8955283e-02
   5.9890154e-02
   5.6845285e-03
   7.2606662e-02
   1.0126226e-02
   6.1190452e-03
   3.5691051e-01
   4.9099057e-02
   3.7222514e-01
   2.3377758e-02
   5.1593297e-02
   1.0645713e-01
   8.5579002e-02
   5.7778109e-02
   2.4561986e-01
   1.6560352e-02
   2.8520145e-03
   2.7130584e-02
   5.0491934e-03
   2.8886608e-02
   4.0941157e-02
   1.4873151e-01
   2.4846201e+00
   4.4370184e-02
   3.4455152e-01
   9.5055742e-02
   2.3953158e-02
   3.5270491e-02
   3.6284220e-02
   1.1692081e-01
   7.1608029e-02
   2.1363161e-02
   1.0924875e-01
   2.8950879e-02
   1.2929680e-01
   8.1890109e-02
   7.7085879e-02
   4.6160692e-02
   4.3285941e-02
   1.5001312e-01
   8.6253816e-02
   3.4655268e-02
   5.3462607e-02
   1.2278127e-01
   1.9711737e-01
   6.3881060e-01
   4.6192023e-02
   1.8004932e-02
   7.0098498e-02
   6.0460823e-02
   3.3563318e-02
   2.0417871e-01
   1.2819032e-01
   1.1243258e+00
   1.8309895e-03
   1.3621422e-02
   1.5678445e-02
   1.5595712e-01
   1.2926333e-01
   1.8772319e-01
   3.6448489e-03
   5.4836676e-01
   1.2026628e-01
   2.0059935e-03
   1.5215934e-02
   6.5924799e-02
   1.3132623e-01
   1.2875594e-02
   6.1645498e-02
   1.8126423e-02
   7.8224016e-02
   5.4837627e-01
   5.9315368e-01
   7.2166088e-02
   5.3078974e-02
   1.2077466e-01
   5.5697775e-02
   1.0923620e-02
   7.8770840e-02
   1.1538699e-01
   1.5331841e-02
   2.6911900e-01
   7.9716209e-01
   2.3420851e-01
   6.3460086e-02
   1.5327682e-02
   1.7429034e-01
   6.3382599e-03
   7.3409863e-02
   7.0310000e-02
   3.5676316e-02
   3.5778814e-03
   2.0450852e-02
   6.4414878e-02
   1.1612510e-01
   2.1711991e-02
   1.1028407e-01
   1.6270007e-01
   5.4164680e-02
   2.8609055e-01
   2.4501193e-02
   5.9593349e-03
   8.3204742e-02
   2.9161332e-01
   1.6920176e-01
   7.6842521e-02
   5.5092838e-01
   6.4911647e-02
   4.4755094e-02
   6.1438985e-02
   1.7393956e-01
   1.2341172e-01
   2.4255732e-01
   1.1375416e-02
   5.4947277e-02
   1.1504181e-01
   3.9248377e-04
   2.6385387e-02
   8.3783197e-02
   1.0933882e-01
   8.3413737e-03
   1.4858063e-01
   2.1461229e-02
   4.3792071e-02
   2.6685247e-02
   1.8792598e-01
   1.8804655e-02
   1.2764881e-02
   3.0787170e-02
   6.5180461e-02
   4.6901949e-02
   1.0484847e-02
   3.4518634e-01
   2.4600037e-02
   2.9274608e-02
   1.7625622e-01
   1.3688282e-01
   3.6686176e-02
   3.3955277e-01
   8.1123208e-02
   6.3575302e-02
   2.4835872e-01
   1.9505013e-01
   1.6242355e-02
   5.5783449e-02
   2.7313942e-02
   1.3376201e-01
   1.3818800e-01
   5.7171383e-02
   5.2416135e-01
   1.8235367e-02
   4.0172602e-02
   3.2164399e-02
   1.6422634e-01
   2.2479554e-02
   1.2043442e-03
   3.6670352e-01
   3.0614275e-01
   3.9542930e-02
   3.4835856e-02
   3.3294353e-02
   2.5250351e-02
   6.7049084e-02
   1.0982776e-01
   4.0634229e-02
   2.5751975e-02
   9.6959161e-02
   1.0351109e-01
   1.1494250e-01
   3.5361784e-02
   6.7553980e-02
   6.7382933e-02
   6.1412631e-02
   8.5175067e-02
   1.9193861e-02
   1.2307832e-01
   4.5185870e-02
   1.3443538e-01
   5.9969297e-03
   1.8911705e-01
   6.1692324e-02
   1.7494343e-02
   9.0673755e-02
   9.2091920e-02
   6.4118796e-02
   1.5976632e-02
   1.1124629e-02
   1.4024503e-02
   9.0579678e-02
   8.3774423e-02
   8.2864209e-02
   1.4998536e-01
   1.6438620e-01
   1.6063372e-02
   4.5019905e-03
   2.9462371e-02
   7.9922892e-02
   1.6309441e-01
   2.4061131e-01
   2.1765884e-01
   7.9339683e-02
   1.8132006e-01
   2.4626756e-01
   6.2551290e-02
   1.1137675e-01
   5.7548731e-02
   1.1473557e-01
   7.6909005e-02
   4.1455218e-01
   6.7170670e-01
   1.2968199e-01
   8.6805213e-02
   4.9709059e-03
   4.8429564e-02
   9.2935686e-03
   3.3799354e-03
   1.4358273e-01
   1.5400990e-02
   5.7272033e-02
   3.0142989e-03
   6.1956243e-03
   3.5255525e-02
   2.7341341e-03
   4.6424409e-02
   7.4795261e-03
   5.2755204e-03
   5.8060249e-02
   1.6000061e-01
   4.6812143e-02
   3.1426501e-02
   3.6904700e-02
   1.0408635e-01
   3.1173779e-01
   2.0953340e-01
   3.8410920e-02
   6.9437740e-02
   2.3217347e-01
   2.2836318e-02
   1.5755264e-02
   8.9139567e-02
   4.4384138e-02
   2.4519334e-01
   8.5043295e-02
   3.1311285e-02
   1.5312886e-01
   1.6885689e-01
   2.1381658e-02
   1.7337020e-02
   3.0826306e-02
   2.2429672e-01
   1.4577146e-01
   1.0413639e-01
   2.0910182e-01
   2.8100966e-02
   1.9767403e-02
   3.6100663e-02
   1.3303892e-01
   2.3089749e-01
   1.9519284e-01
   2.8915540e-01
   1.6679426e-01
   1.0549966e-01
   5.2815066e-02
   1.2405743e-01
   1.9664839e-01
   3.4420459e-02
   1.5407348e-02
   2.3668252e-01
   2.2265103e-02
   6.0707751e-02
   1.2257469e-02
   1.5513968e-01
   3.9224582e-02
   2.5074242e-01
   2.9673666e-02
   3.4512008e-02
   5.6892711e-02
   9.2677454e-01
   3.5408618e-01
   9.0548197e-03
   1.9933986e-03
   8.0149114e-03
   1.0063078e-02
   1.4835580e-02
   8.0828745e-02
   5.8884057e-02
   4.2549021e-02
   1.3615537e-01
   2.5218874e-01
   1.1833544e-01
   4.2937032e-02
   6.9219505e-02
   1.1244715e-01
   5.6527418e-02
   8.6826289e-02
   2.3705311e-02
   3.6089048e-01
   5.1809666e-02
   4.7878803e-02
   7.3418165e-02
   2.9840237e-02
   5.4459341e-02
   6.1643810e-02
   3.4576451e-02
   7.2804302e-02
   1.0524347e-02
   4.5057315e-02
   1.0596827e-01
   5.8181337e-02
   6.0499498e-02
   6.1637211e-02
   4.1764106e-01
   1.2766905e-01
   1.1357639e-02
   7.2160814e-02
   5.4394774e-02
   1.0297738e-01
   7.8650676e-02
   1.8483265e-01
   1.3168612e-01
   8.6340326e-01
   4.2752999e-01
   7.6623466e-02
   8.2356400e-02
   8.1514829e-02
   1.3357069e-02
   2.1576865e-01
   1.6897284e-01
   1.6315608e-01
   3.7867834e-01
   7.2031284e-03
   6.2346040e-02
   4.5118264e-02
   4.7471369e-02
   3.2126275e-02
   2.3296642e-02
   1.7889237e-01
   3.3191375e-01
   4.1792377e-02
   5.9542258e-02
   4.4973717e-02
   5.2349259e-02
   5.9986896e-02
   1.3429710e-01
   9.1169684e-02
   2.3524827e-02
   3.3764568e-02
   1.1524349e-02
   8.3042620e-02
   9.9594425e-02
   1.6155676e-01
   7.6933910e-02
   2.8879864e-02
   5.4034756e-03
   3.2181237e-02
   8.7187586e-02
   1.0409745e-02
   9.2754275e-02
   8.2484161e-02
   1.3209449e-01
   2.2015104e-02
   5.0230392e-02
   1.0530528e-01
   1.0642533e-02
   1.6429570e-01
   1.9329626e-02
   1.1035725e-01
   3.4460156e-02
   2.0944783e-01
