   4.2789238e+02
   4.0847809e+02
   3.9024666e+02
   1.0211827e+02
   7.5712687e+01
   1.0076136e+02
   3.3024715e+02
   3.2550563e+01
   8.7598219e-03
   4.4786324e-02
   4.0787470e-03
   5.2851791e-02
   4.5560681e-02
   1.6661131e+02
   3.5480932e+01
   6.1551560e+00
   2.2777496e+02
   1.9015464e+02
   3.5253518e+02
   2.7505925e+03
   5.4431630e+03
   4.2941324e+03
   6.6094020e+01
   3.8123973e+01
   1.0692909e-01
   3.2414653e-01
   4.6757627e-02
   5.1006710e+00
   1.3337461e+02
   6.4519361e+01
   1.5774557e+02
   6.7910817e+01
   8.3576453e+01
   6.0177479e+01
   7.9410827e+01
   1.2408766e+02
   1.9466263e+02
   2.5506320e+02
   3.6444619e+02
   4.2530400e+02
   8.7272237e+02
   3.8187829e+02
   2.9788091e+02
   4.0743496e+01
   4.4485839e+01
   9.0676953e+01
   7.5590783e+01
   4.4272832e+01
   1.0818184e+02
   1.6702694e+00
   2.5125244e+03
   1.1035987e+02
   1.0014709e+01
   1.4510688e-01
   4.4888303e-01
   7.5061034e-02
   2.6750048e-01
   7.1023615e-02
   1.0192262e-01
   3.5388374e-02
   3.9373023e+02
   9.2341667e+01
   3.3866655e+02
   1.3998926e+03
   1.1043013e+03
   1.6970162e+02
   9.8783413e+01
   3.7759931e+00
   2.5594777e+01
   4.8993209e-02
   2.9851965e-02
   1.4618697e-01
   5.4023432e-03
   1.4192288e+02
   3.2206837e+02
   6.8550663e+00
   2.6004613e+01
   3.8765401e+01
   2.1740644e+03
   3.7018148e+02
   1.1911399e+02
   1.5443766e+02
   2.6474340e-01
   4.3841535e+01
   9.3073678e+00
   3.6587004e+00
   5.7155670e+00
   1.4981663e-02
   1.1100197e+00
   6.8537360e-01
   7.1468613e+02
   1.1909565e+02
   3.4708835e-02
   2.0821793e+02
   4.1234306e+02
   3.6342918e+02
   6.2358696e+02
   2.6728388e+02
   7.5009385e+02
   2.7844574e+02
   1.2067803e+02
   8.3662296e+01
   8.8736431e+01
   2.7054506e+02
   1.4878313e+02
   8.4257488e-02
   3.9413764e+01
   4.6900049e-03
   2.0598743e+01
   1.6112420e+01
   3.1919785e+00
   3.7130004e+01
   2.8860200e+01
   4.2283022e-01
   2.5467489e+02
   1.5151038e+02
   5.4386346e+02
   2.2569268e-02
   1.5846539e-02
   5.7009006e-02
   4.3207857e+02
   7.5985227e+01
   8.1883063e+02
   2.9286848e+02
   1.7471460e+02
   2.5242476e+02
   1.4981443e+01
   3.9474285e+01
   1.5321605e+01
   2.4357728e+01
   1.8984537e-02
   8.4072261e+01
   3.8148495e+02
   2.7137180e+02
   6.2492551e+02
   2.6549855e-06
   3.9633560e-02
   4.6419034e-02
   4.1300693e-02
   1.3285214e-01
   2.4217595e-01
   2.1286170e-01
   2.0340253e-01
   2.1405794e+01
   1.1221205e+01
   1.7121423e-02
   2.4866804e-01
   1.7150780e-01
   1.0374314e-01
   2.3377609e-01
   1.4371829e+00
   2.1543874e-02
   2.3877528e-02
   2.2836107e-01
   1.0449204e+02
   5.0298110e+02
   2.0377024e+02
   1.4610837e+02
   1.3680003e+02
   1.1037667e+01
   1.2665098e+02
   1.1495391e+02
   2.2744681e+02
   7.2735427e+02
   7.8288996e+02
   1.4914956e+02
   2.5212861e+01
   5.5911448e+02
   3.6202295e+02
   3.4887210e+00
   3.9575429e+01
   2.4932679e+01
   9.2876554e+01
   4.9313437e+01
   5.8679669e+01
   9.7308025e+01
   4.1824800e+01
   4.4764478e+01
   3.5295053e-01
   1.5972653e-02
   4.4624219e+02
   4.5700242e+02
   1.8775021e-02
   3.0550362e-02
   7.5068310e-02
   4.7687587e-02
   7.6313810e+00
   1.2743909e+01
   2.6971985e+01
   1.1421669e+02
   1.0020911e+02
   2.9099641e+02
   2.7889077e+01
   4.1803663e+01
   1.0809405e+02
   4.5716527e-04
   6.0453206e-02
   9.1538480e-03
   3.2479673e-02
   1.4786151e-01
   3.1659015e-01
   5.9945896e-02
   4.6160384e-02
   3.1447396e-02
   2.6505118e-01
   5.6871304e-02
   4.8636044e-02
   3.4669350e-01
   2.6759569e-03
   7.2404003e-02
   3.9705893e-02
   7.0085661e-02
   7.0354456e-02
   1.3017094e-01
   1.9853709e-02
   8.0299897e+01
   1.0367137e+02
   6.3628187e+01
   2.7123117e-02
   1.3457348e+03
   3.6303027e+00
   3.3083085e+01
   2.5635260e+02
   9.3552065e+02
   1.7353902e+03
   3.2597470e+00
   7.4374410e+01
   1.7734722e+02
   8.5901690e+02
   3.2110446e+01
   2.5735255e+02
   9.2346737e+01
   8.0537551e+01
   3.6159779e+02
   7.5754568e+01
   2.1844704e+01
   2.4795953e+01
   2.4192762e+01
   1.1390677e+01
   1.6326033e-01
   2.9580282e+02
   1.9942773e+02
   6.3616115e+01
   1.0084089e+02
   1.1737148e-02
   8.3156599e-02
   1.5763851e-01
   4.2685615e+01
   5.6016269e+01
   9.2183289e+01
   1.7075056e+02
   1.9742038e+02
   5.6534477e+01
   6.9761023e+01
   3.7990240e-05
   4.7524260e-03
   8.0795503e-02
   6.1263388e-02
   8.6081257e-02
   3.0341277e-01
   2.0755766e-02
   6.5328159e-03
   8.4885480e-03
   7.0884109e-02
   1.0294307e-01
   2.7307980e-01
   1.1605404e-01
   1.8099020e-02
   1.8679511e-02
   8.3486930e-02
   3.7349984e-02
   1.0892747e-01
   1.3502675e-02
   7.3478676e-02
   1.8262604e-01
   5.2317579e-02
   6.5085726e-02
   4.0122306e-02
   3.0482425e-02
   2.4271516e+02
   3.5880637e+02
   6.8795804e+02
   9.7266850e+01
   9.2422601e+02
   8.1319479e+02
   1.2421584e+03
   2.7562269e+01
   1.3817718e+02
   8.0154125e+01
   1.5734740e+02
   8.7086625e+01
   1.2948986e+02
   3.2735123e+00
   3.8963403e+01
   7.6533376e+01
   1.2005293e+01
   5.1311910e+00
   1.8156735e+01
   2.2835533e+00
   8.4073050e-03
   4.7081566e+02
   1.7860957e+02
   4.8071355e+02
   1.6179370e+02
   2.0742696e-05
   7.7683785e-03
   6.4673073e-02
   3.5776490e-02
   2.9930259e-02
   5.1509161e+01
   2.4453916e+01
   6.6308034e+01
   2.2322425e+02
   5.4313104e+01
   3.6891983e-03
   4.2680688e-02
   5.6405523e-02
   8.0322158e-02
   7.8360831e-02
   2.0679309e-02
   1.0271735e-01
   3.3378304e-02
   3.0555452e-02
   3.3020485e-01
   8.5238058e-01
   6.5335970e-02
   1.3333933e-01
   4.2171319e-02
   1.3830043e-02
   8.6052649e-03
   4.1243907e-02
   3.0167037e-02
   2.2954634e-02
   2.2422275e-02
   2.7851117e-02
   1.6827911e-01
   2.2102601e-01
   1.6569440e-01
   8.7033002e-03
   1.8079520e-01
   1.3061465e+03
   5.3900420e+02
   6.1495572e+02
   4.7701732e+02
   5.7665967e+01
   9.4548668e+02
   1.6985671e-01
   1.1793841e+02
   1.9244726e+02
   1.3789036e+02
   1.7818059e+02
   4.1374670e+01
   7.5861511e+01
   4.3330814e+01
   8.0253921e+02
   1.1671965e+01
   1.3955325e+01
   5.1613129e+01
   4.4956237e+00
   2.9840193e+01
   1.1807710e-02
   1.8716890e-01
   3.0605016e-02
   1.6678999e-01
   1.4321805e-01
   6.3330499e-03
   3.3646345e-02
   1.9379858e-01
   6.9142155e-02
   5.7264867e-02
   2.7377419e-01
   3.6015998e+01
   1.3393094e+01
   1.1155491e-02
   3.3069550e-01
   1.7820526e-02
   5.0355224e-02
   1.7840632e-01
   8.8205999e-02
   4.1309648e-02
   2.2749858e-01
   5.9101143e-02
   1.9933746e-01
   3.3924874e-01
   1.2892878e+00
   1.6163866e-01
   3.1572740e-01
   1.8776074e-02
   4.6856021e-02
   1.4897010e-02
   1.2191988e-01
   1.8852078e-01
   5.6551241e-02
   1.9047202e-01
   1.9247426e-01
   1.3715659e-01
   1.0970092e-01
   1.8104864e-01
   6.7314925e-03
   2.5055081e-01
   1.0333399e-01
   6.8364327e+02
   4.9552861e+02
   9.1684992e-03
   6.1967496e+00
   1.0216062e+03
   7.8375643e-07
   1.8751203e-01
   2.2062247e-01
   7.9407027e-03
   1.7809442e+01
   4.0365343e+01
   4.4120987e+01
   5.4575341e-02
   3.3185831e-02
   3.5140154e-02
   2.4461490e+01
   7.0840470e+01
   4.6879062e+01
   1.0391446e+02
   2.9605413e-02
   2.3387891e-01
   6.7720647e-02
   1.1921960e-01
   5.0296803e-02
   1.3848740e-02
   1.7331795e-02
   1.0089140e-02
   1.6137907e-01
   1.2880165e-01
   2.3655547e-01
   2.4175204e-01
   5.9236114e-01
   1.5228162e-01
   5.8561918e-02
   6.8474934e-02
   5.0674608e-02
   1.7010266e-01
   1.0045705e+02
   2.1215080e-02
   2.5418130e-01
   4.2092646e-01
   3.5246660e+00
   2.3706083e-01
   2.8092253e-01
   2.8655712e-01
   3.1428829e-02
   2.2124470e-02
   2.2418513e+02
   2.0018539e-05
   1.1948787e+00
   2.3851626e-01
   9.7941323e-02
   2.7941269e-01
   4.2881992e-01
   1.3845460e-01
   3.3631873e-01
   3.9909664e-01
   2.5691190e-02
   4.5074378e-02
   2.5834870e-01
   2.7566733e-01
   1.3233453e-01
   3.3444893e-02
   4.3239350e-02
   8.2835536e+02
   5.4190453e-02
   1.8658042e+01
   1.1669659e+00
   2.8157321e+01
   1.3123005e+01
   2.2708059e+00
   1.1132884e-01
   2.8372792e-02
   5.4463126e-02
   1.3254620e+02
   7.8806133e-02
   2.0229618e+02
   2.7147214e+02
   6.3392346e+01
   1.7296921e-01
   5.8882315e-01
   5.3298359e-02
   7.1327012e-02
   2.3725693e-01
   7.9769100e-04
   1.2115821e-02
   2.5761597e-02
   6.7246137e+00
   1.5369826e+01
   2.2699596e+00
   6.5842057e-01
   1.8444898e+02
   1.4198289e+02
   3.9042575e-01
   1.4237335e-01
   4.4499271e+02
   1.2269573e+02
   2.9175385e+01
   8.1266583e+01
   4.0310145e-01
   1.3639417e+00
   4.7009817e-01
   1.3938051e-01
   1.5279410e+00
   1.8154223e+00
   3.2866847e-02
   2.1251438e+02
   2.5736773e+02
   3.7973904e+02
   9.8841135e-01
   2.1251003e-01
   2.8035390e-01
   4.4698022e-02
   5.0697846e-01
   1.3069586e-01
   1.1450264e-01
   6.2593424e-02
   1.2438356e-01
   7.6884408e-01
   4.8819989e-01
   3.2469343e-01
   3.2618270e-02
   4.4298508e+01
   1.7161851e-01
   5.3764708e+00
   3.6661595e+01
   1.7929443e+01
   3.0370822e+01
   2.7506045e+01
   3.7036459e+01
   7.2789961e-03
   5.3880607e-02
   5.4212726e-02
   1.0009771e-01
   7.8226555e-02
   3.8798568e+02
   3.1529493e+02
   2.0671852e+02
   9.0383099e+01
   1.5785895e-02
   1.5742876e-01
   1.2039526e-01
   6.2748084e-01
   8.8446398e-02
   1.9651713e-01
   1.0420454e-02
   3.5054886e+02
   6.3947021e+01
   9.9407978e+01
   9.2006970e+01
   8.9514146e+02
   7.2865156e+02
   6.1221491e+02
   7.8045075e+02
   5.4139050e+02
   4.7686469e+02
   6.5690470e+02
   9.5005218e+01
   1.0431281e+02
   1.4517459e+01
   3.3859814e-01
   1.5973313e-01
   5.5820470e-02
   2.0154841e+00
   2.6150098e-01
   1.2108915e+02
   1.7630437e+02
   1.7643140e+02
   3.5005328e+02
   4.3291758e-02
   1.4772648e-01
   4.0837527e-01
   5.9645311e-02
   8.7636588e-03
   1.3572759e-02
   1.1155026e-01
   1.6024546e-01
   1.1172591e-01
   4.5042736e-01
   2.3337435e-01
   1.0385547e-01
   5.0553070e-02
   2.2986365e+02
   7.0750033e-04
   5.7423647e+01
   1.5538446e+02
   3.8640384e+01
   2.8805522e+01
   2.4729740e+02
   1.5417974e-03
   4.0786176e-02
   2.4303660e-02
   2.5081957e-01
   2.8783153e-02
   1.2021187e-01
   1.2770737e+02
   3.2042382e+02
   6.0606463e+02
   1.1351906e+02
   3.2949878e+01
   1.2747848e-02
   8.0332796e-02
   1.5802308e-01
   1.0162463e-01
   1.4166350e-01
   2.1096495e+02
   2.0932083e+02
   1.7793637e+02
   8.3234077e+01
   6.1519213e+01
   3.4780217e+01
   2.5648436e+03
   2.8960884e+02
   1.0909653e+03
   5.9137968e+02
   2.9084938e+02
   1.1215722e+03
   1.0335439e+02
   1.2359264e+02
   1.7060132e+02
   1.7568012e-03
   1.9357480e-02
   2.5601795e-02
   2.5560271e-01
   1.0642060e-02
   7.9275595e-01
   3.4411057e+01
   2.4896931e+01
   1.0466378e+02
   2.0449830e+01
   3.4660862e-02
   3.3764315e+02
   1.3322265e-01
   1.6734530e-01
   5.1161120e-02
   9.9910852e-03
   1.0637881e-01
   6.4008937e-02
   2.4171223e-01
   7.7102430e-02
   7.3073546e-02
   1.2884301e+02
   3.4338756e+02
   3.4265213e+02
   3.4737384e+01
   3.9573110e+02
   1.4357114e+01
   3.5095576e+02
   5.0298659e-02
   4.8578075e-03
   2.9606115e-02
   4.1044310e-02
   3.5731966e-01
   3.2846412e-02
   2.6521119e-02
   8.9800563e-02
   1.9981796e+01
   3.8383561e+01
   2.0051892e+01
   4.9240193e+01
   2.3760629e+01
   2.5932860e+01
   1.3951707e+02
   1.8262956e+01
   7.2019214e+00
   3.5365178e+02
   4.9805363e+02
   1.1553932e+02
   1.0215045e+02
   3.3958160e+02
   1.5079921e+02
   1.7496377e+02
   3.9412407e+02
   6.0216585e+02
   2.3792674e+03
   3.0616142e+02
   4.6765212e+02
   2.2484995e+01
   1.3349203e+00
   2.5659525e+02
   1.8708826e+03
   1.1431961e-05
   1.7608622e+03
   3.6452856e+02
   1.3429237e+02
   1.3605324e+01
   7.9315601e+01
   8.0467924e+01
   7.7174817e-05
   6.7602908e+02
   7.5308994e-02
   1.3780536e+03
   6.0235373e+02
   1.7961680e-03
   4.7381677e-02
   9.6406957e-03
   4.4858389e-02
   1.6068033e-01
   2.1733461e-02
   6.0909058e-02
   1.0010526e-01
   3.2278711e+02
   4.3820158e+02
   9.9331364e+02
   1.0840530e+02
   1.9173707e+02
   3.1241847e+02
   5.8809603e-03
   2.1574582e-02
   8.1528467e-02
   4.6418013e-02
   7.9528942e-01
   7.2820317e-02
   3.2243039e-02
   3.4783083e-02
   2.8921201e+01
   1.1537864e+01
   5.1298205e+01
   4.1802007e+01
   2.6947986e+01
   1.7093288e+01
   4.4797106e+01
   1.7883773e+01
   5.3041037e+01
   2.1225416e+01
   5.6835182e+01
   6.4309037e+01
   8.8087311e+00
   1.9612002e+01
   3.2262958e+02
   2.4986975e+01
   6.2676017e+01
   9.2626073e+01
   2.6056060e+02
   1.3033716e+03
   8.4502384e-02
   4.2306179e+03
   7.1940493e+02
   1.0817073e+03
   1.8647199e+03
   2.1863098e+02
   1.1805285e+02
   5.4929476e+02
   4.4386038e+02
   5.0531224e+02
   1.3083363e+02
   1.4652359e+02
   4.5794745e+02
   6.6067517e-06
   1.1075621e+03
   3.6562881e+02
   9.7082454e+02
   6.1610860e+02
   5.1203127e+01
   8.6731869e-02
   1.4404996e-01
   2.5552540e-03
   3.8519498e-02
   8.4946506e-02
   9.5731921e-02
   2.9226547e-01
   6.1690948e+02
   5.0909677e+02
   7.2271092e+02
   8.1551528e+01
   7.8945525e+01
   4.2697152e-04
   1.0200739e-01
   8.7732669e-02
   1.1086016e-01
   1.1457392e-01
   8.8770654e-02
   4.3931684e-01
   2.3232117e-02
   1.4839073e+01
   1.6205949e+01
   1.0091942e+01
   9.9580169e+00
   1.4926454e+01
   6.6928839e-02
   1.8306350e+02
   2.6906245e+01
   6.2056013e+01
   3.7739300e+01
   2.0657068e+01
   9.0934496e+01
   1.1324347e+02
   1.4546248e+01
   6.6037017e+01
   8.2136212e+01
   1.1889450e+02
   1.2822877e+02
   3.0693424e+02
   1.4626153e+02
   1.7400889e+02
   5.4958086e+01
   2.5521252e+02
   4.5449299e+02
   9.9513899e+02
   4.0674027e+02
   1.1937064e+01
   1.0735089e+02
   2.0082891e+02
   1.0261967e+02
   6.2212696e+01
   2.3188611e+02
   1.4675060e+02
   1.5112163e+02
   2.5216623e-02
   1.7272779e+00
   2.4797250e+02
   1.4290653e-01
   6.6576795e-02
   3.2272978e+02
   5.6300394e+01
   9.5661543e-03
   2.5851469e-01
   1.8001157e-01
   3.5052620e-01
   4.0923625e-01
   1.5551210e-01
   1.7438433e+02
   1.5051599e+02
   8.9581906e+02
   2.3168599e+03
   1.4200220e+02
   1.2415963e-05
   3.2124129e-02
   6.7525106e-02
   2.5173941e-02
   1.9580699e-01
   2.4853133e-01
   3.5705187e-02
   5.7257081e-02
   1.4276402e+02
   2.9667534e+01
   6.8842457e-02
   1.4910697e-02
   1.2697001e+03
   1.4318889e+02
   2.4277317e+02
   1.7353169e+02
   2.3038332e+02
   6.1359487e+01
   7.5180289e+01
   2.0867285e+02
   9.7177016e+01
   5.0136322e+00
   4.0858842e+01
   5.2260391e+01
   1.3671206e+02
   1.0832225e+02
   5.0223515e+01
   5.3712264e+02
   4.9764219e+02
   1.5352243e+02
   1.1728629e+01
   2.6497814e+01
   2.0138869e+01
   2.5366280e+02
   1.1826778e+02
   2.2843195e+02
   2.5244132e+02
   1.5864223e+02
   7.5208643e+01
   2.2189505e+02
   1.4647658e+02
   2.0078213e+02
   1.2477240e-03
   3.2666029e-01
   1.9530105e+02
   3.0340975e+02
   1.0161735e-02
   4.0937735e-02
   1.1881823e+02
   1.3161418e+02
   3.6255953e+01
   6.6381722e-04
   4.5695927e-01
   8.5237101e-01
   4.6221294e+01
   1.0847434e+02
   4.1923180e+01
   3.2117827e+02
   1.5673620e+02
   1.0725566e+02
   6.7646371e+02
   4.5425563e-02
   1.8713678e+02
   1.2437662e+02
   2.9326610e+02
   7.6697868e+01
   7.0322520e-03
   4.5238124e+01
   2.1001606e+02
   8.2539648e-03
   1.5683616e-02
   8.0958756e+02
   2.3831894e+03
   4.2550214e+02
   2.1634753e+02
   1.2564172e+02
   1.0876580e+02
   2.2041899e+02
   1.5582284e+02
   2.3896064e+02
   1.3938207e+02
   1.6486885e+02
   9.0044263e+00
   4.0190940e+01
   2.5249409e+01
   1.1045912e+02
   1.8752510e+01
   3.2674572e+01
   1.9828757e+02
   5.6821575e+01
   1.7202699e+01
   9.5915338e-02
   1.4559001e+01
   3.3859638e+01
   5.1472416e+01
   2.1645492e+01
   1.4283108e+02
   1.3363152e+02
   9.6341183e+01
   3.0610791e+01
   3.8674915e+02
   1.2907326e+02
   1.4627569e+02
   2.7599693e-02
   1.2969390e-01
   1.3904154e+02
   2.0101269e+03
   9.1999499e+02
   5.0726097e+02
   6.7755110e+01
   4.2841062e+01
   2.6238895e-03
   1.2042938e-01
   4.6606751e-01
   4.2605581e+01
   2.8990783e+01
   3.4843018e-03
   8.5643187e+01
   1.8326574e+02
   1.3085434e+02
   1.7614669e+02
   1.9828586e+02
   2.8969936e+02
   2.2926092e+02
   7.6522222e+02
   4.7611373e+02
   1.5444463e+02
   1.4946680e+01
   1.8777730e+02
   1.1380261e-01
   6.3698236e+02
   1.5397610e-04
   1.8370836e+00
   5.2028872e+02
   1.5667629e+02
   1.4049897e+02
   2.7568298e+02
   7.1310051e+02
   1.9565703e+02
   4.0072884e+02
   4.1747370e+02
   3.2372664e+02
   4.2615365e-05
   5.0842972e+00
   3.2558754e-02
   3.7860212e+02
   8.3593424e+00
   2.4767794e+01
   1.2781741e+02
   4.3820603e+01
   7.2913663e+01
   1.0370453e+02
   7.4465670e-02
   5.7535031e+01
   1.0297518e+02
   3.2095797e+01
   6.5446034e+01
   5.1925252e+00
   4.3707040e-02
   1.3857526e+02
   3.2658328e+01
   2.0865288e+01
   7.1666204e+01
   1.1731638e+01
   6.3547020e-02
   3.3686319e-02
   1.1333835e-02
   1.5902187e-02
   2.4218967e-02
   5.4359052e+02
   1.0116546e+02
   2.4918081e-02
   1.1273916e-01
   1.5265220e+03
   2.7739165e+02
   2.4721073e-04
   2.9375383e-03
   1.7501498e-01
   1.6156934e+02
   3.9438438e+01
   7.6744623e+01
   8.6487957e+01
   5.1485399e+01
   7.5622076e+01
   1.7637622e-01
   2.9697957e+03
   1.1492341e+03
   9.4211562e+02
   1.2344876e+02
   1.6348428e+02
   8.4617248e+01
   6.0120889e+02
   4.8295900e+01
   4.4952899e+02
   3.7168714e+02
   2.0286709e+02
   3.6252358e+02
   3.9027538e+01
   1.1427590e-01
   2.1264467e+02
   8.0617852e+02
   4.2979062e+02
   1.0092068e+02
   3.6336205e-02
   5.9053083e-02
   6.1072436e-02
   9.4333557e-01
   1.8553633e-02
   2.5845910e-02
   1.7117941e+02
   4.1267901e+01
   1.5749604e+02
   2.4402479e+02
   4.7780629e+02
   1.6275043e+02
   2.2465525e-02
   8.9847879e-02
   3.5643748e-02
   2.2033993e+02
   1.8041381e+02
   1.0400361e+02
   2.6664634e+02
   5.6561216e+02
   3.2659006e+02
   7.3734836e+01
   3.6770295e+02
   3.0238000e-02
   1.3466718e-02
   4.8735707e+01
   7.3202237e-02
   8.3520823e+01
   9.2933083e+01
   1.2831697e+02
   1.6604891e+02
   5.8814935e-02
   4.2613476e-02
   8.1966162e-03
   3.1609381e-02
   1.1843683e-02
   4.9212577e-03
   4.6821851e+02
   1.6783086e+01
   1.5382294e-01
   4.9630638e-01
   4.9628284e-01
   9.8364724e-02
   2.5368183e+03
   1.6385469e+03
   6.2561508e-03
   1.0141395e+02
   1.3261024e+02
   5.2906174e-02
   6.0054512e+02
   1.7419487e+02
   6.2294124e+02
   3.3922221e+02
   2.3574344e+02
   1.7775698e-02
   9.5529906e-02
   8.8178913e-02
   7.5318486e-02
   2.9523099e+03
   5.6927100e+02
   1.1121093e-01
   2.1742454e-01
   1.3893352e-01
   2.9002120e-01
   2.6489214e-01
   2.6653397e-01
   1.3902363e-01
   2.0594395e+02
   9.5180062e+01
   6.1508816e+01
   1.4894506e+02
   1.6323147e-03
   2.0924249e-02
   1.5651921e+01
   9.7088212e+01
   1.2458878e+02
   1.3028824e+02
   6.4546744e-02
   5.5986261e+01
   6.0516328e+02
   1.0545525e+03
   7.4339611e+02
   5.8422374e+02
   1.8764899e+02
   3.2118399e+02
   1.6904085e+02
   2.1769806e-01
   5.4299034e-02
   3.5549396e+01
   1.7712542e+01
   9.6347750e+00
   5.6647116e-01
   6.7734861e-02
   2.1411404e-02
   4.0775963e-02
   3.3730491e-02
   9.9718112e-02
   1.8912438e+02
   5.5332150e+01
   1.2914298e+02
   2.9408877e-01
   1.3608590e-01
   2.2391896e-01
   2.4075991e-01
   7.5767457e-01
   3.6103840e+01
   1.6633519e-01
   1.5807574e-01
   9.6161560e-02
   1.4376878e-01
   1.9581587e+02
   1.1589374e+03
   5.3827056e-01
   5.2553690e-01
   5.6727327e-02
   3.3244740e-02
   7.0911293e-02
   1.4379440e-01
   1.6883155e-01
   1.1235136e+03
   8.2618212e-02
   2.7614122e-01
   1.2275228e-01
   1.7727269e-01
   7.6471623e-03
   5.6255604e-02
   1.1738435e-02
   1.0998961e-02
   4.4982334e+01
   2.9846656e+01
   4.9778432e+01
   4.4910327e+01
   8.0604742e+01
   1.7566668e+01
   3.7318812e+01
   9.5196385e+01
   1.3764762e-01
   4.0122343e-02
   9.9544417e-02
   6.1744056e+02
   3.8807112e+03
   6.3874652e+03
   4.5026847e+03
   4.5629901e+03
   6.4204862e+02
   2.5274894e+03
   4.5817623e-02
   3.8621273e-02
   1.0166306e+00
   4.9886815e-01
   4.4158679e+00
   1.1426958e+00
   8.9427976e-01
   4.3701690e-01
   3.7943872e-02
   3.2612967e-02
   2.8819881e-02
   5.9194714e+01
   1.9059461e+02
   3.0500867e+03
   2.7539900e+03
   5.4753084e+03
   1.5458976e-01
   8.1681459e+01
   5.3313223e+01
   1.9398589e-02
   1.5059231e-01
   1.2800728e+00
   1.4782934e+01
   1.4293915e-01
   6.0821241e+01
   1.4418278e-01
   2.2071496e-01
   3.7292366e-02
   1.1430352e-02
   5.5282278e-02
   4.5492441e-03
   3.5856314e-02
   8.2349699e-02
   7.0571442e+02
   3.5363261e-01
   4.9065673e-02
   1.9734550e-02
   2.6436027e-01
   3.4178381e-02
   3.1464086e-02
   5.9974058e-02
   4.4913265e-02
   8.8413699e-02
   4.7050756e-04
   4.8643226e-02
   7.3783819e-04
   8.5898606e-02
   2.4317340e-01
   1.1117619e-01
   4.1445929e-01
   2.4763893e-02
   3.8443103e-02
   1.7973741e-02
   4.4995291e-01
   1.1379107e+03
   1.2597846e+03
   4.0351381e+03
   4.0836315e+03
   1.9427479e+03
   4.6499424e+03
   1.8209927e-02
   2.6979356e-01
   3.0270402e-01
   7.8324682e-01
   1.1648128e+00
   3.0319346e-01
   5.6854581e-02
   5.4415649e-02
   1.7430838e-01
   3.6201661e-02
   5.1367993e-02
   3.5068892e-02
   1.3824660e-01
   2.2997782e+02
   2.0379145e+03
   9.5826604e+02
   2.8700382e+02
   6.4214058e+01
   2.0407789e+02
   5.8525529e-02
   1.9100307e-01
   3.1709439e-01
   2.9189091e+00
   4.6068976e-02
   1.0703598e-01
   4.0730785e-02
   5.6711301e-01
   5.7112591e-02
   1.9637362e-02
   1.1326159e-02
   1.8613307e-02
   4.9084166e-02
   7.4929126e-02
   1.3965753e-02
   1.0214658e-02
   8.0177330e-01
   1.1572296e-01
   3.7508691e-02
   1.5211944e-01
   9.9033249e-02
   5.2268541e-02
   4.0380451e-02
   3.8485420e-01
   1.6643407e-02
   3.8293289e-02
   1.6003570e-01
   1.1436253e-01
   9.6519138e-02
   4.7216299e-01
   4.7924436e-02
   5.8769494e-02
   6.6646018e-02
   2.2883205e-01
   3.8351270e-02
   2.2305901e-01
   1.2456017e+03
   8.0873113e+02
   5.6261395e+03
   1.3757711e+03
   9.4279939e-02
   1.7389877e-02
   2.2745300e-01
   2.6054958e-01
   7.3409977e-01
   8.4153788e-01
   1.6987109e-01
   1.1646926e-01
   6.8801767e-02
   3.1587901e-02
   7.9950508e-03
   2.9924308e-02
   1.4285869e-02
   8.3269805e-03
   2.9771162e+02
   3.3330427e+02
   4.6890090e+02
   3.7575416e+02
   4.6076396e+02
   8.4710820e+02
   5.1315739e-02
   2.3810618e-01
   3.3866798e-01
   3.6027232e-01
   1.3436776e-01
   2.9985262e-02
   2.9488911e-02
   8.6441850e-02
   2.6834139e-02
   1.5851012e-01
   2.6516031e-02
   6.4188360e-02
   2.4187706e-02
   9.6900957e-02
   5.7851039e-02
   2.3673143e-02
   5.3466362e-02
   2.0368552e-01
   5.8184369e-01
   3.9606514e-01
   1.6775408e-01
   1.5814371e-01
   2.1134595e-01
   2.1287846e-02
   5.5200812e-02
   5.5354766e-02
   2.2183479e-01
   2.7222593e-02
   1.1428826e-01
   3.0609346e-02
   2.6357911e-01
   1.2931489e-01
   1.1550327e-01
   3.9871146e-02
   2.0310119e-02
   5.5156824e-01
   5.9009872e-02
   2.4468192e-02
   8.3305531e+03
   2.7671464e+00
   2.6610270e-01
   7.5271208e-01
   3.3939346e-02
   3.8113375e-01
   6.9965340e-01
   9.5903068e-01
   3.0521989e-01
   4.1109703e-02
   2.6981695e-01
   7.1427458e-02
   5.6748450e-03
   4.6639191e-02
   6.5342395e-02
   4.3485023e-02
   4.2669447e-02
   1.3117708e-01
   5.8702685e+02
   1.7494877e-01
   7.1986962e-02
   7.6917464e-02
   5.4466268e-02
   8.1388656e-03
   1.0300045e-01
   1.2783734e-01
   4.7361032e-02
   2.6827333e-02
   1.9365970e-01
   2.1785677e-01
   4.6217668e-01
   9.5364640e-03
   1.5662165e-02
   1.8769678e-02
   9.0490329e-03
   7.3416308e-02
   1.0058087e-01
   2.9382591e-02
   6.6166381e-02
   1.3567831e-01
   3.0447624e-02
   4.1248581e-01
   4.7268517e-03
   1.1072662e-01
   4.3510351e-02
   4.1598967e-02
   2.1590658e-02
   7.9229691e-02
   1.8246579e-01
   4.2690463e-02
   4.7359269e-02
   9.7077613e-03
   1.8309375e-01
   2.2930408e-02
   6.0302031e-01
   3.5979367e-02
   3.2555482e-02
   2.2820488e-01
   1.4475715e-01
   2.9352315e-01
   2.4609862e-01
   6.2196758e-01
   3.6545070e-01
   3.2929542e-01
   2.2994669e-01
   1.8025687e-01
   4.4349345e-01
   1.2353681e-01
   1.2175236e-01
   6.9666242e-02
   6.1980926e-02
   5.2526675e-02
   1.0084884e-02
   4.5418698e-02
   1.1564698e-02
   8.6812869e-02
   4.8363283e-02
   4.8617893e-02
   3.6364519e-02
   1.1725111e-01
   1.0281370e-01
   2.4433954e-02
   3.8302325e-03
   3.1073588e-02
   1.9054741e-01
   3.6257938e-02
   2.3896957e-01
   2.6107166e-02
   8.7864884e-02
   5.5269230e-01
   3.5569213e-02
   1.5377779e-02
   1.8959758e-01
   1.3358495e-02
   9.1604474e-03
   1.4913042e-01
   9.8526131e-03
   1.1933840e-01
   2.4826417e-02
   1.5398956e-01
   2.1837536e+00
   9.0227592e-01
   2.0768952e-01
   5.8730769e-02
   2.4124242e-02
   5.4029299e-02
   2.6361009e-02
   6.1272170e-02
   1.7226587e-02
   3.3268895e-02
   1.6937061e-01
   1.2810412e-01
   7.7345728e-02
   2.2918745e-01
   5.9726740e-02
   4.7508169e-02
   6.6013292e-02
   2.2200441e-01
   1.5496033e-02
   5.4435698e-02
   8.4659395e-02
   1.5595891e-01
   1.9494309e-01
   7.5764349e-01
   1.4006400e-01
   1.0720322e-01
   1.1757811e-01
   9.3970187e-02
   6.9615374e-02
   1.3604673e-01
   2.3042150e-01
   2.8573122e-01
   4.4353970e-02
   2.7721508e-02
   1.9206608e-02
   5.2076806e-02
   3.7000388e-02
   1.1226672e-01
   2.2654079e-03
   1.7774854e-01
   1.8707012e-01
   3.1268479e-03
   1.0415796e-02
   9.2282220e-02
   8.7478113e-02
   6.7773133e-02
   8.2209231e-02
   1.3428348e-01
   3.0469276e-01
   1.8416718e-01
   6.0315244e-01
   1.6912701e-02
   4.3168837e-02
   1.7569903e-01
   2.6864421e-02
   3.0499037e-02
   3.0144004e-02
   1.3911934e-01
   1.4120473e-01
   1.3805132e-01
   6.3392618e-01
   2.1578717e-01
   4.3028861e-02
   2.8504780e-02
   6.0457365e-02
   1.7365391e-02
   3.7545118e-02
   2.7503290e-01
   1.0111176e-02
   1.0053860e-02
   3.3530231e-02
   7.6217168e-02
   2.4210041e-01
   1.7653034e-02
   1.2076227e-01
   1.0852972e-01
   2.0846287e-01
   2.2103948e-01
   1.5523933e-02
   1.3566678e-02
   1.8573110e-02
   1.1535836e-01
   3.6981858e-01
   1.7917712e-01
   1.2410782e-01
   5.1556401e-02
   1.9836487e-02
   5.1461584e-02
   1.6209883e-01
   1.5489300e-01
   8.5278225e-02
   5.5083132e-02
   1.0288848e-02
   1.4603561e-01
   1.1461829e-02
   5.4742798e-02
   3.2931340e-02
   1.6368528e-01
   1.3130666e-02
   8.3729802e-02
   1.5738224e-01
   1.2149777e-02
   1.2309866e-02
   2.9437954e-02
   9.1081738e-03
   5.5134239e-03
   2.9172954e-02
   1.3593940e-02
   1.3575437e-02
   5.2442098e-02
   1.1218831e-01
   7.6531115e-02
   1.8722896e-02
   9.1700705e-02
   1.8841908e-01
   2.0035779e-02
   3.2748799e-01
   9.4891900e-02
   2.5351271e-02
   1.9990948e-01
   1.2913527e-01
   6.0264514e-03
   2.5507206e-02
   1.4840564e-02
   6.0991318e-02
   8.6956435e-02
   1.6048566e-01
   1.2279510e+00
   6.1412356e-03
   3.4512892e-02
   4.3934192e-03
   5.1128048e-02
   7.8072524e-02
   1.5070300e-03
   1.7990423e-01
   1.3128299e-01
   6.4171849e-02
   6.1887887e-02
   5.9057424e-03
   3.8316789e-02
   5.8621267e-02
   8.6424574e-02
   5.0552211e-02
   1.5214686e-02
   2.4013934e-02
   2.0644761e-01
   2.4972236e-02
   1.1324688e-01
   1.6534426e-02
   1.1132824e-01
   1.2657022e-02
   6.0045050e-02
   3.2088046e-02
   3.2912105e-02
   5.6026779e-02
   2.0531180e-01
   1.0374331e-02
   2.8257133e-01
   2.7531766e-02
   5.4656003e-02
   8.5340267e-02
   3.0236026e-02
   9.4029141e-02
   2.2356092e-02
   1.4783043e-02
   6.1729788e-02
   8.6444500e-02
   5.7008799e-02
   2.4670827e-02
   6.1269271e-02
   3.3516119e-02
   1.5271989e-02
   8.3447421e-03
   9.9096167e-02
   3.6712851e-01
   9.7237053e-01
   2.1256430e-01
   2.8144725e-01
   9.9946435e-03
   1.4509988e-01
   1.5825729e-01
   1.8687037e-02
   9.4278396e-02
   3.8118061e-02
   9.1864321e-02
   6.1124079e-02
   1.0881446e-01
   3.3897915e-01
   2.8331483e-02
   5.3770550e-02
   1.3911097e+02
   7.3344899e+01
   1.1241537e+01
   7.3847880e-03
   1.6067533e-01
   8.1793478e-02
   3.7592936e-02
   3.8927502e-03
   1.4922530e-03
   9.2126658e-03
   2.3851233e-03
   2.0960992e-02
   1.6009287e-02
   7.9009050e-03
   3.5296667e-02
   5.4902004e-02
   1.8174987e-02
   9.0264017e+01
   2.8218769e-03
   4.0079426e-02
   4.8102105e-01
   1.2817624e-01
   2.0521725e-01
   1.7679450e-01
   2.8702323e-01
   1.0541249e-01
   1.3728767e-02
   8.7952884e-02
   1.2672985e-01
   3.4433990e-01
   1.7325166e-01
   9.5235938e-02
   5.2178080e-01
   1.4958241e-01
   4.9426891e-03
   6.2305443e-02
   7.3678452e-02
   5.2958202e-02
   6.0873405e-02
   1.6233941e-02
   4.3750194e-01
   1.8925175e-02
   5.0682821e-03
   7.1583799e-02
   9.4036664e-02
   2.3878905e-02
   1.5663253e-01
   1.2736701e-01
   1.8501526e-01
   1.0277523e-01
   1.2406231e-02
   2.4611440e-01
   8.9772366e-02
   5.7973831e-02
   6.2945112e-02
   2.4947231e-01
   2.7797645e-02
   6.0781234e-02
   3.9593363e-02
   4.5551763e+02
   9.8926251e+01
   2.9875682e+01
   1.5500536e+02
   1.0936339e-02
   1.5349877e-01
   5.3666518e-01
   2.6048308e-01
   3.1192334e-03
   1.9245525e-03
   1.9753760e-02
   1.2605707e-02
   2.7756206e-02
   3.9246609e-02
   6.0075268e-02
   6.9021024e-02
   1.0264854e-01
   1.5611190e-01
   1.2561648e+02
   3.4413712e+01
   5.8242513e-03
   4.1280546e-02
   3.6363006e-02
   1.5055498e-02
   2.1566102e-02
   4.4872740e-02
   1.0699581e-01
   2.6296541e-02
   5.9183182e-02
   1.8720434e-01
   4.2269695e-02
   5.9137947e+00
   1.4574923e-01
   3.7251820e-02
   2.3473003e-02
   1.4583155e-01
   9.5357941e-03
   1.0037523e-01
   7.7029778e-02
   8.1052458e-02
   2.4237756e+02
   2.4208367e-02
   1.4661548e-02
   2.3432171e-01
   1.1441387e-01
   4.4294898e-02
   6.1060737e-02
   9.2345959e-02
   4.5997631e-01
   3.0214577e-01
   3.8286981e-01
   3.8078022e-02
   6.9196420e-02
   1.2705493e-01
   3.1870641e-02
   8.1185895e-02
   8.3457217e-02
   9.1498889e-02
   1.7487528e-01
   1.9826940e-02
   1.8113510e+03
   5.6103715e+02
   2.8997399e+02
   1.1624858e+02
   8.7234599e+01
   2.5329508e-02
   2.3520702e-01
   1.5641233e-01
   7.8544008e-02
   1.7137356e-02
   5.2563484e-02
   9.4395306e-02
   1.0005287e-01
   2.6212571e-02
   6.7431692e-02
   2.3155538e-02
   2.0737345e-03
   2.2936953e-02
   7.6637039e+01
   1.2236777e+02
   7.6155900e-03
   3.6531259e-02
   3.5158221e-02
   3.9616836e-02
   9.6835195e-02
   1.3563852e-02
   3.3882356e-02
   8.3766018e-02
   1.4320555e-01
   5.6937017e-03
   6.3436035e+01
   1.4172298e+01
   3.4917117e+01
   1.7513951e-01
   1.8453334e-02
   8.8399997e-02
   7.3047455e-02
   4.7554630e-01
