   1.2237557e+02
   1.7097486e+02
   2.5239455e+02
   2.4753920e+02
   2.7134540e+02
   2.4442351e-02
   2.9315352e-03
   6.0661641e-03
   2.7503426e-02
   5.8615272e-02
   5.9592045e-02
   1.4320818e-01
   3.4398971e-01
   8.4120928e-02
   4.6984030e-02
   5.0954850e-02
   1.4954319e-01
   2.7420972e-02
   2.2496021e-02
   2.5549707e-02
   8.4378994e-02
   3.6003740e-02
   7.5493940e-02
   1.2122069e-01
   4.0360786e-01
   9.5062900e-02
   1.1110099e-01
   2.0968529e-01
   4.6074734e-01
   2.6180465e-01
   4.6919336e-01
   3.4585976e-01
   1.2103540e-01
   5.7261676e-02
   5.9944021e-02
   4.3099062e-01
   2.9077305e+01
   1.9633195e-01
   2.7892797e-01
   5.5478550e-02
   1.2321661e-01
   7.8497164e-02
   5.6210792e-02
   6.4109358e-02
   9.9971850e-02
   7.4848033e-02
   9.6502842e-02
   1.2112861e-01
   6.1148630e+02
   2.8915645e+02
   1.2039551e-01
   2.4081097e-02
   1.4439123e-01
   1.4655056e-01
   8.1526125e-01
   6.3150298e-01
   3.9851489e-01
   2.3244667e+03
   1.2336665e+03
   2.5712929e+02
   3.6713535e+01
   8.6435508e+01
   5.3435982e+01
   1.4951118e+02
   9.3268072e+01
   3.2063727e+01
   6.8416842e-03
   1.1478246e-02
   1.7916633e-02
   5.0655550e-02
   9.5851399e-02
   9.9456694e-02
   1.0863562e-01
   3.2010459e-02
   2.6281079e-02
   1.1107959e-01
   9.3390932e-02
   3.9264886e-02
   2.5476663e-02
   2.1174043e-02
   1.0493101e-02
   4.4997097e-02
   5.3276450e-02
   1.9136381e-01
   3.6962191e-01
   4.5610082e-01
   2.7861329e-01
   9.4973716e-01
   4.4361628e-01
   2.8779134e-01
   1.6785418e-01
   4.5257502e-01
   1.8377273e-01
   1.6846515e-01
   1.4440812e-01
   1.6112736e-01
   9.5481221e+01
   7.7985098e+01
   8.8313829e-02
   6.2274659e-02
   4.6135514e-02
   6.4664901e-02
   2.8260018e-02
   3.5296813e-02
   2.3372791e-02
   4.5576172e-01
   2.6792575e-01
   1.4351974e-01
   1.1193185e+03
   1.4559553e+03
   4.8066571e+02
   5.4956755e-02
   2.5900116e-01
   1.8913929e-01
   2.2922528e+01
   6.6445770e+01
   4.6520478e+01
   8.8562644e+02
   6.2315299e+02
   9.6369290e+02
   4.8545146e+01
   1.0416541e+02
   2.4062773e+02
   1.7920205e+02
   9.8422436e+01
   7.5535423e+01
   9.6286236e+01
   2.8619347e-02
   2.5339404e-02
   1.7188375e+02
   4.2048056e+02
   1.1216201e+03
   2.5047894e+03
   2.2753290e-02
   1.1196339e-02
   9.4558557e-02
   1.7771332e-02
   4.5472652e-02
   1.1740762e-01
   3.7088636e-02
   1.9328129e-02
   1.9849885e-01
   3.0401531e-02
   6.7006168e-02
   1.2470871e-01
   9.8899628e-02
   1.1703345e-01
   2.9515483e-02
   3.3002837e-02
   9.2770909e-02
   1.7550005e-01
   5.2642410e-01
   4.0954651e-01
   2.6990658e-01
   1.4211273e-01
   1.1184025e+02
   3.7147802e+02
   1.2185562e+02
   1.0542395e-01
   1.7758995e-02
   5.3557584e-02
   1.5404255e-01
   8.1700386e-02
   2.0464631e-01
   1.8421798e-02
   5.5411444e-02
   1.6108991e-01
   2.6718412e-02
   2.1781613e+02
   7.7054439e+02
   2.5765930e+03
   3.6514136e+03
   4.6889794e+02
   1.4693083e-01
   1.1585044e+01
   1.4038430e+01
   5.6761208e+02
   7.0142607e+02
   3.0412449e+01
   1.4055268e+02
   3.4103161e+02
   3.1567304e+02
   2.2429377e+02
   1.1831821e+02
   1.3959048e+02
   1.8444052e+02
   2.7728543e+02
   4.0358904e+02
   5.4034463e+02
   1.2074942e+03
   1.8728871e+03
   6.7513900e+02
   4.0530392e+02
   3.4918979e+02
   9.3760397e-02
   3.4572686e-02
   2.0385162e+01
   2.9043533e-02
   2.9597925e-02
   1.1667587e-02
   4.0609312e-02
   1.1648351e-01
   6.6918358e-02
   5.1295861e+01
   1.8828572e+01
   1.3227620e+01
   1.9250729e+01
   1.2507914e+01
   1.3625362e+01
   2.7907304e+01
   1.9272545e+01
   1.0163842e+00
   2.6096653e-01
   8.2096654e-02
   8.4835789e-02
   1.7689877e+02
   7.7394303e+02
   3.7986925e-02
   1.8778152e-02
   9.6054804e-02
   3.9376116e-02
   1.7198539e+00
   2.6309977e-01
   7.5730692e-02
   4.7486412e-02
   3.3782640e-02
   4.5607128e-02
   3.8023911e-02
   3.4189094e+02
   8.3393485e+02
   6.3712089e+02
   1.2030722e+03
   1.4826834e+03
   5.9974454e+02
   3.0927810e-01
   8.3660514e+00
   1.0575358e+02
   9.4865879e+01
   1.1648947e+01
   9.5048812e+00
   8.0701717e-02
   8.9265795e+02
   3.7426589e+02
   2.9745450e+02
   3.6715583e+02
   4.3498660e+02
   1.2921593e+02
   2.4935570e+02
   2.0564876e+02
   4.4400077e+02
   4.8163829e+02
   2.8470756e+02
   5.3258788e+02
   2.2661620e+02
   8.3459672e-02
   2.4738992e+01
   1.2580990e+01
   2.5859277e+01
   1.8278386e+01
   3.0624074e+01
   2.0631333e-01
   1.3734171e+01
   4.3225950e+01
   1.5557133e+01
   7.9022820e+00
   9.5420083e+00
   1.6722398e+01
   2.4631835e+01
   2.2590212e+01
   1.1815942e+01
   7.2854086e+00
   3.5356021e+00
   2.2909393e-02
   2.3703032e-02
   1.4823421e-01
   2.2613760e+02
   6.1771025e+01
   6.9323198e-02
   6.0599992e-02
   4.9714637e-02
   2.4201749e-02
   4.4224348e-02
   4.6515589e-02
   3.5010732e-02
   2.0387770e-02
   6.3166549e-02
   6.1296771e-02
   5.8112465e-02
   9.6415201e-02
   1.7318602e+01
   4.7820201e+01
   8.8270044e+02
   1.5976762e+03
   4.0825260e+02
   1.8363990e-01
   1.2023174e+02
   1.2503789e+02
   4.1155655e+01
   1.2295229e+01
   1.6990590e+01
   1.1394062e-01
   9.7280670e+01
   3.0224829e+02
   6.5942463e+02
   4.1836022e+02
   5.7986082e+02
   2.7161576e+02
   1.5080685e+02
   7.4686069e+01
   9.9907007e+01
   4.0844639e+01
   1.1083060e-01
   1.0717818e+02
   2.8979892e+02
   1.8115640e+01
   2.0024807e+01
   1.5105292e+01
   2.2571376e+01
   5.6508168e+00
   1.8044992e+01
   1.4153918e+01
   1.6663347e+01
   2.1501938e+01
   1.9243747e+01
   1.7996904e+01
   2.9052796e+01
   6.8516394e+01
   5.0551753e+01
   5.6509462e+01
   7.6704506e+01
   1.6123151e+02
   1.3367846e+02
   7.2579954e-03
   2.9591405e-02
   1.4756408e-01
   1.7573662e+02
   7.0307314e+01
   1.8165447e+02
   1.5232867e+02
   1.1120409e+02
   4.7838156e+01
   8.6410873e-02
   8.6861562e-02
   6.4909990e-02
   8.2186161e-02
   3.1250544e-01
   1.0498695e-01
   3.3491735e-01
   1.7920668e+02
   1.2031475e+02
   7.9010524e+01
   6.0059938e+01
   6.5489806e+02
   6.2826772e+02
   2.9963958e-01
   5.7550797e+01
   1.7761586e+02
   2.6473529e+01
   4.4943680e+01
   2.9125749e+01
   2.9364514e-01
   3.4949215e-02
   6.8190954e+02
   5.6385658e+02
   5.4505996e+02
   4.3993091e+02
   3.7748166e+02
   4.1817323e+02
   1.6492181e+02
   2.0296233e+02
   2.1229617e+02
   2.0753820e+02
   2.6325054e+02
   4.1073255e+02
   8.2318692e+02
   1.1767275e+03
   2.9058738e+01
   1.0985322e+01
   8.7697853e+00
   3.8131547e+00
   2.0912959e+01
   4.0990907e+01
   4.8144035e+01
   4.0281954e+01
   3.8073264e+01
   2.2711813e-01
   4.1152699e-02
   1.1299129e-01
   9.5916158e+01
   1.9331965e+02
   6.7510107e+02
   8.9940079e+02
   8.5649137e+02
   1.2412146e-01
   3.6977238e-02
   3.5525985e+02
   4.0797135e+02
   2.3933891e+02
   1.7677928e+02
   1.7854642e+02
   1.0314917e+02
   3.7295346e-02
   1.9436564e-02
   4.7572458e-02
   7.9876813e-02
   1.1215335e-01
   8.8219896e-02
   2.1647500e+02
   3.5334220e+02
   1.2407349e+02
   3.5669061e-02
   1.1706429e+02
   9.8464925e+01
   1.4646267e+02
   9.5144748e-03
   9.2302159e+01
   5.4747634e+01
   9.8079090e-03
   1.3311145e-02
   6.5590137e-02
   2.1838259e+02
   1.6185590e-02
   6.3921749e+02
   3.1777514e+03
   1.7989516e+03
   1.3904568e+03
   1.0975353e+03
   3.9868239e+02
   2.3032851e+02
   3.1757279e+02
   2.5994242e+02
   1.6690627e+02
   1.3722808e+02
   2.6643112e+02
   9.7913631e+01
   1.3033744e+02
   3.3914339e+01
   3.2252947e+01
   2.4666253e+01
   8.7606387e+01
   2.5545770e+01
   1.9800623e+01
   1.1180124e+02
   1.6710328e+02
   5.7497354e+01
   2.4957199e+01
   2.7814269e-01
   1.8610756e+02
   1.2222139e+03
   4.4714612e+01
   8.1854801e+02
   6.7552673e+02
   1.9094506e+03
   5.6256649e+01
   2.9722106e+01
   1.7534115e+01
   2.9223855e+01
   1.1693584e+03
   7.2661706e-02
   5.0199554e-02
   2.3524360e+01
   6.0499321e+00
   4.0338848e-02
   7.3495913e+00
   1.3616293e+01
   7.5764276e+00
   3.5696936e+00
   3.4730619e+00
   2.3714064e+01
   9.0856339e+01
   1.6468705e+02
   1.2685065e+02
   5.3139908e+01
   3.9771165e+01
   1.1333658e-02
   1.5005519e+02
   4.9395089e-02
   3.7597452e-02
   1.8414546e-01
   7.2593351e-01
   1.3482519e+02
   1.3784740e-01
   5.2969954e-02
   4.1396632e+02
   5.4438980e+02
   1.3308492e+03
   2.2929909e+03
   1.8124323e+03
   1.7130954e+03
   2.5171579e+02
   3.3984820e+02
   3.4654336e+02
   2.5233564e+02
   1.2867381e+02
   5.6212007e+01
   6.5159807e+01
   6.1819826e+01
   1.0413986e+02
   9.8098611e+01
   5.1797907e+01
   3.3291974e+01
   1.6905112e+02
   2.0704894e+02
   2.3263806e+02
   1.5269839e+02
   5.3093396e+02
   8.6255308e+02
   9.3323245e+02
   5.7717008e+02
   3.5480866e+02
   6.7705062e+02
   1.5048139e+03
   1.1124317e+03
   2.9086269e+02
   3.0069618e+01
   1.6439622e+01
   1.4761504e+01
   1.8995134e+01
   9.3949022e+01
   2.0462209e+02
   1.3205864e+02
   8.0269594e+01
   4.9821831e+00
   1.0562388e+01
   4.1933431e+00
   1.4770994e+00
   1.5395224e+00
   5.2375147e+00
   6.3061471e+00
   5.7470170e+01
   4.3013549e+01
   6.0191010e+01
   6.1749101e+00
   1.3385920e+01
   6.8952121e+00
   1.0196274e+02
   1.1005498e-01
   8.4884327e-02
   1.6559954e-02
   3.6382429e-01
   1.2763873e+02
   3.7323504e-02
   5.6864305e-02
   4.3858643e-02
   5.6881494e-02
   4.2178399e-02
   1.2103184e-01
   1.0947787e-01
   5.1377804e+02
   6.6429964e+02
   9.2503915e+01
   6.8277875e+01
   2.4294112e+02
   2.0852469e+02
   3.1647470e+02
   7.0082827e+01
   1.2899593e+01
   2.5368565e+01
   3.2826018e+01
   1.5303652e+01
   7.5380104e+02
   9.2507090e+02
   1.6834124e+02
   1.8725423e-01
   4.2275805e+02
   1.2732891e+03
   1.3709689e+03
   4.9764306e+02
   2.4783813e+02
   1.9234503e+02
   2.0231230e-01
   1.9430372e+01
   2.2329611e+02
   3.9242603e+02
   8.4071724e+02
   6.5232869e+01
   4.2610459e+01
   3.4635455e+01
   2.7122788e+02
   1.9372397e+02
   7.8660072e+01
   3.9501129e+01
   9.8861407e+00
   2.8323106e-01
   4.8148774e+00
   3.4957785e+00
   1.3976132e+03
   1.3151050e+03
   6.0049971e+00
   2.0039692e+01
   1.2154994e+01
   7.9191481e+00
   3.6352320e+01
   4.6853940e+01
   2.7224446e+01
   6.2905855e-02
   1.5955816e-01
   1.5391642e-01
   1.7005515e+00
   1.0924201e-01
   7.9539277e+02
   1.1222346e-01
   1.9572991e-01
   3.8826102e-02
   1.2299269e-02
   1.0943063e-01
   1.1387555e-01
   2.7208433e-02
   8.6525714e+02
   2.1019548e-01
   3.0751372e+02
   1.8544232e+02
   6.5482990e+02
   5.5177933e+02
   5.4542108e-01
   1.5404325e+02
   7.9123114e+01
   7.8330804e+01
   8.5765408e+01
   1.7610871e+02
   4.5945015e+02
   1.1852679e+03
   5.4432236e+01
   1.9262144e-01
   6.4504467e-01
   6.2338030e+01
   9.7416382e+02
   5.0826163e+02
   3.3154432e+02
   2.8474770e+02
   3.3075237e+01
   6.6185988e+01
   2.3727257e+02
   6.0148047e+02
   4.2163734e+02
   4.2776961e+02
   2.1090248e+02
   5.8055761e+01
   5.2777519e+01
   4.0696633e+01
   1.8374430e+01
   2.9097113e+01
   2.2781404e+01
   3.4702360e+01
   1.9689100e+02
   9.3414954e+01
   3.6305749e+01
   5.0587532e+01
   3.1938205e+01
   1.0188221e-01
   6.7557477e-02
   1.2477014e+01
   2.9313462e+01
   2.9623484e+01
   1.5488491e+01
   1.1393364e-01
   3.9371798e-02
   1.6474153e-01
   5.7568885e-01
   2.1455484e-01
   7.5743226e+02
   2.6863593e+02
   5.2369963e-02
   7.7465340e-02
   8.6708506e-02
   7.1622338e-02
   6.6249989e-02
   2.0609448e+03
   3.6580585e+01
   5.3848071e+01
   3.4107812e+02
   6.8399681e+01
   5.8047688e+01
   1.4321558e-02
   7.5954699e-02
   3.8236421e+02
   2.0792414e+02
   3.3138894e+02
   2.3681461e+02
   2.3370481e+02
   4.2906718e+02
   3.0396786e+02
   1.5686588e+02
   6.7516968e+01
   1.3785508e-01
   1.7589407e+02
   4.0861263e+02
   3.5890073e+02
   2.3702210e-01
   1.4538970e+02
   5.1391844e+01
   1.4161993e+01
   3.8221973e-02
   7.2219258e-02
   1.4689513e+02
   1.3689015e+02
   1.4136205e+02
   9.8400304e+01
   1.0251231e+02
   1.3164689e+02
   1.8260648e+02
   7.9364862e+01
   8.6341552e+01
   8.0754601e+01
   3.2731945e+01
   1.1105327e+02
   1.3143666e+02
   2.3143209e+02
   3.0549782e+02
   4.5703298e-02
   8.2332044e-02
   3.1595689e+01
   4.2171702e+01
   5.5198070e+01
   7.1295339e+01
   1.2030281e+02
   1.5923674e+02
   5.3747616e+01
   2.8810254e-01
   2.5764704e+02
   5.6264187e+02
   6.3532726e+02
   3.4631548e+01
   2.9587773e-01
   4.0466769e-02
   4.3497329e-02
   2.1169442e+03
   1.5633006e+03
   1.4063835e+01
   8.2703526e+00
   9.3565751e+00
   1.0264480e+01
   9.4523124e+02
   3.1696236e+01
   8.8351469e+01
   8.9631742e+01
   3.5146463e+02
   3.9255534e+02
   3.8540677e+02
   4.2694516e+02
   7.9677658e+02
   1.1780605e+03
   1.4324054e+03
   7.5890551e+02
   4.4373009e+02
   1.1393323e+02
   9.2858777e+01
   5.3317599e-02
   4.1626427e+01
   4.6826888e+01
   3.2997016e+01
   7.1195819e-02
   1.5901497e-01
   4.0036187e-01
   4.2045667e-01
   1.5079936e-01
   2.0321696e+02
   3.9229150e+01
   4.4128075e+01
   8.3841371e+01
   4.3498407e+01
   8.5531435e+01
   3.4840414e+02
   2.7706616e+02
   6.6558693e+02
   3.2979619e+02
   3.7325003e-02
   3.8059944e-02
   5.5353534e+02
   1.8257674e+02
   6.4874502e-02
   3.9089177e-02
   2.7251128e+02
   1.1059272e+02
   1.1917032e+02
   2.7135447e+02
   2.0947547e+02
   2.6174684e+02
   2.1734873e+02
   3.3138476e+02
   6.7017738e+02
   3.3433434e+03
   1.7626283e+03
   8.3757655e+01
   3.3878060e-02
   5.0632273e+02
   3.7947166e+02
   4.9973075e+01
   4.5369645e+01
   6.1137086e+00
   1.0477792e+01
   2.1376849e+03
   1.3894352e+03
   2.1050043e+01
   1.9142590e+01
   4.1358211e+01
   4.0116796e+01
   3.9623421e+01
   2.9076500e+02
   2.7260313e+02
   9.8022420e+02
   1.1896881e+03
   1.6716662e+03
   3.2114134e+01
   2.8349596e+02
   3.9062685e+02
   4.4029619e+02
   2.9250302e+02
   1.0246842e+02
   2.7901636e+01
   3.1497348e-02
   1.3431921e-01
   3.2765732e-02
   1.5112600e-01
   1.4233437e-01
   9.4188645e+01
   1.3294544e+02
   8.5640397e-02
   5.0297115e-02
   6.2702630e-02
   7.3690068e+02
   2.3284036e+03
   1.3111457e+03
   4.0633595e+02
   4.3347573e+02
   3.8295082e+02
   9.4065502e-02
   1.5470717e-02
   6.4721168e+01
   1.8125935e+02
   2.1211596e+02
   9.5745255e+01
   1.4487895e+02
   1.6011072e+02
   1.7314069e+02
   6.6252163e+02
   4.2791234e+02
   1.3903445e+02
   2.5127109e+02
   9.4559347e+01
   6.1626724e+02
   1.6644647e+03
   1.5286593e+03
   1.1894089e+03
   7.8597851e+02
   6.8796104e+02
   4.9005604e+01
   5.2059542e+01
   1.4274963e+02
   6.7388683e+01
   8.8787749e+02
   1.4264284e+03
   6.6129244e+02
   8.0141378e+01
   4.6384133e+01
   3.3464923e+01
   4.2928831e+01
   3.2580551e+01
   1.8704608e+02
   1.3011718e+03
   9.6481174e+02
   5.7290475e+02
   2.5651395e+02
   6.1946623e+02
   7.5656809e+02
   6.7418594e+02
   3.8108170e+02
   5.6611869e+02
   1.4811054e+03
   8.0634227e-02
   4.7150971e-02
   1.1746193e-01
   2.8233407e-01
   2.1455515e-01
   1.2072249e-01
   2.4346307e+01
   6.7804370e+01
   4.5504558e-02
   4.6050218e-02
   6.8691552e-02
   3.2763538e+01
   1.9726642e+02
   1.4302754e+02
   1.3354753e-01
   6.3602848e+02
   2.3688507e+03
   1.2781096e+03
   3.4318901e-02
   1.0368011e-01
   7.4382858e+02
   6.2781750e+02
   7.0805382e+01
   1.3543912e+02
   1.4870416e+02
   1.8275343e+02
   1.5529907e+02
   1.2062291e+02
   1.3471163e+02
   2.7388523e+02
   1.3647137e+02
   1.9916061e+02
   5.8791328e+02
   5.4529045e+02
   1.5382684e+02
   3.1274426e+02
   2.3910070e+02
   1.5872390e+02
   1.1960956e+02
   7.5425633e+01
   9.4165156e+01
   4.1735464e+02
   1.9550729e+02
   2.8953882e-02
   1.1758157e-01
   5.5396120e-02
   1.4803575e+02
   7.1952081e-02
   4.0683687e-02
   1.3115266e+02
   4.2909575e+01
   1.5947746e+02
   2.1721038e+02
   3.4886857e+02
   5.9828870e+02
   2.0534804e+02
   7.8821142e+01
   4.6600326e+02
   8.3696891e+02
   8.5267340e-02
   5.0101122e-02
   1.3262727e-02
   6.2345964e+01
   5.1627813e-02
   1.8843102e-01
   2.1437940e-01
   1.6989994e-02
   3.2063957e-02
   3.5242032e-02
   3.5863602e-02
   7.7683530e-02
   9.7823143e+00
   2.3630374e+00
   2.7317771e-01
   1.8918320e-01
   2.3616439e-01
   2.7766978e+02
   3.1082280e+03
   7.7214631e+02
   3.5379255e-03
   1.1297248e+02
   3.1807390e+02
   1.0568922e+01
   2.2237218e+02
   2.4978262e+02
   5.1807360e+02
   1.0926232e+03
   4.7340881e+02
   5.6188257e+02
   3.4244787e+02
   3.5629149e+02
   2.2030809e+02
   1.8010372e+02
   3.8600627e+02
   5.3876293e+02
   9.7541622e+02
   2.4932136e+02
   1.7917299e+02
   1.3578589e+02
   1.0743927e+02
   2.1510155e+02
   1.5574706e+02
   5.0924551e-02
   8.2356790e-02
   2.5536680e-02
   2.3903368e-01
   2.9906787e-01
   3.5134311e-02
   1.0475977e-01
   9.7766620e-02
   5.0867206e+01
   4.3970667e+01
   4.0422848e+01
   4.7759462e+01
   5.6656064e+01
   4.4091678e+02
   9.3685168e+02
   2.9365958e-01
   1.6003276e-01
   1.0400358e-01
   1.5216060e-01
   1.3330621e+02
   1.5193951e+02
   2.7256132e+02
   1.1024553e-01
   1.8858520e-01
   6.1038716e-02
   6.3030874e-02
   6.8902568e-02
   5.2088520e-01
   1.5012756e+01
   3.4072032e+01
   7.8897024e-02
   5.4927912e-01
   1.2213953e-01
   1.9669153e-01
   1.7401721e-01
   9.5240310e+03
   6.7201284e+03
   3.4225383e+03
   2.7288447e+02
   1.1727359e+02
   1.2348384e+02
   1.0790223e+02
   7.5171865e+01
   1.9704005e-02
   6.9922877e-02
   1.8258497e-02
   7.9242251e+01
   1.6987589e+02
   4.4203094e+02
   3.1706571e+02
   1.4953679e+02
   6.1832090e+01
   4.5075789e+02
   5.2774559e+02
   6.0635350e+02
   1.5676695e+02
   7.6055488e+01
   3.0966408e+01
   3.7139103e+01
   1.2265330e+02
   5.4229071e-02
   1.1616175e-01
   2.4075156e-01
   7.3103225e-02
   1.5670784e-01
   2.3956744e-02
   7.6323746e+00
   1.3948101e+01
   1.3780485e+01
   3.1926739e+01
   1.0241119e+02
   4.7080204e+01
   2.8029924e+01
   9.1227770e+03
   1.8484927e+03
   9.6722481e+02
   3.0821795e-01
   8.8858289e-02
   3.4472844e+02
   3.9909659e+02
   2.5784624e-02
   5.0340561e-02
   1.3683696e+01
   1.1479942e-01
   4.0713213e-02
   4.3761559e-01
   3.7715094e-01
   1.5896658e-01
   2.3080009e+01
   2.0253939e+01
   1.2295544e-01
   1.0816211e-01
   4.7540599e-02
   5.4768745e-02
   1.1256332e-02
   1.0637068e+02
   6.3976421e+02
   8.0296858e+02
   9.7013517e+02
   1.8344564e+03
   1.0050694e+01
   3.8162385e-01
   9.7703406e-03
   2.6324513e-02
   8.5666522e-02
   6.3025842e-02
   1.5143129e-01
   2.7635569e-02
   1.6144345e-02
   2.4692796e+02
   2.9200471e+02
   8.6879160e+01
   8.4412907e+01
   2.3960199e+02
   4.8005930e+02
   3.0668875e+01
   2.3691206e+01
   2.6618941e+01
   2.3420259e+01
   1.7379914e+01
   2.2868970e-02
   1.5168955e-01
   1.3961560e-01
   7.9906759e-02
   1.8160465e-01
   2.0117148e+01
   2.4722590e+01
   2.1297642e-01
   2.1154041e-01
   1.5634621e-01
   1.7943121e+01
   1.8151615e+01
   6.0020441e-02
   1.6438979e-01
   5.4144934e+02
   1.9815002e+02
   1.9619884e+02
   1.5886521e+02
   2.2185458e+02
   7.2423839e-02
   4.7664892e-02
   4.6132660e-02
   1.4202720e-01
   1.3729136e+01
   1.7070496e-01
   1.5608331e-01
   9.6415033e-02
   3.1409781e+01
   5.4915332e+01
   2.3422467e-01
   1.0477289e-01
   2.1555475e-01
   4.7281105e-02
   7.3410993e-02
   4.5247979e-02
   4.8640447e-02
   8.7428214e+02
   1.7579499e+03
   1.7486000e+03
   7.0597880e+02
   5.7545640e-02
   6.4600626e-03
   3.5451585e-03
   7.5545621e-02
   8.2920472e-02
   1.1847857e-01
   6.5915199e-01
   1.0609925e+01
   4.0620073e+02
   1.7856822e+03
   7.8638927e+01
   8.9471437e+01
   2.3227146e+02
   9.3144075e+01
   1.5289774e+02
   1.6711919e+02
   1.6205589e+01
   1.4525714e+01
   4.7358333e+00
   1.7613655e+00
   3.9643689e-02
   5.2271750e-01
   1.5945549e+03
   4.9527563e+03
   1.4246418e+03
   1.6381452e+02
   1.0698178e+02
   7.2967285e-02
   2.5999244e-02
   5.0049826e-02
   1.6474814e-01
   4.1929743e-01
   2.3930719e-01
   4.3805756e-01
   2.8963812e-01
   1.1102743e+03
   4.8131344e+02
   6.1798494e+02
   4.3729932e+02
   8.6943372e-01
   1.8933544e-01
   1.8139918e-01
   9.2430179e-02
   8.4101489e+01
   7.2076775e-02
   9.1216325e-02
   1.1628067e-01
   1.5810916e+02
   4.0345071e+02
   2.3280175e-01
   1.1294476e+00
   4.0583591e-01
   7.5084970e-02
   3.5810794e-02
   1.3222256e-02
   7.6431681e-02
   2.7831454e-02
   3.0147205e+03
   1.2435132e-01
   3.6051360e-02
   8.1452575e-02
   1.4765703e-01
   4.4126216e-02
   9.1440715e-02
   9.6832022e-02
   3.7360431e-02
   3.5120655e+01
   9.0281521e+01
   4.5638711e+02
   4.2209009e+03
   5.4882480e+03
   4.0301066e+03
   2.5230578e+03
   1.8635985e+03
   1.9740627e-01
   2.1001748e+02
   1.6228698e-01
   7.8307709e-01
   2.1406290e+00
   1.9719769e+00
   4.8894327e-02
   8.4645583e+02
   7.0763125e+02
   7.1641404e+02
   4.2960062e+02
   1.8419553e-01
   3.2145649e-02
   3.2822942e-02
   7.2092812e-02
   5.2068726e-02
   1.7455449e-02
   2.6198806e-02
   3.1555290e-01
   5.2759086e-01
   6.9822604e-02
   7.7128316e-02
   3.2116028e-02
   2.6436220e-01
   6.7785100e-02
   3.0124098e-02
   2.2239622e-01
   3.3831756e-01
   4.0432366e-01
   1.6214593e-01
   6.4097519e-02
   1.3240783e+02
   6.0156908e+02
   1.6663781e+03
   1.7631840e-01
   8.3360150e-02
   7.9906227e-01
   2.7454044e-01
   1.5965374e-01
   1.0581134e-01
   6.1557015e-02
   1.7825810e+02
   3.0509514e+02
   4.3841383e-02
   1.2015662e-01
   1.5923920e-01
   1.3440646e-01
   1.4316488e-01
   5.4096676e-02
   1.9290374e-01
   5.7015101e-02
   1.2975599e-01
   2.9260339e+01
   7.3057391e+01
   5.8888166e+01
   1.9495588e-01
   1.8057139e+02
   3.3885529e+02
   5.4506055e+02
   1.6002909e+03
   9.2664621e+02
   4.2131663e+02
   7.0604415e+02
   1.0748405e+03
   8.9602451e+00
   2.9259449e+02
   9.7309906e+02
   9.6482197e+02
   1.2395067e+03
   7.3447189e+02
   4.5346070e+02
   1.8760305e-01
   3.2639403e-01
   2.4154770e-02
   1.7231418e-02
   1.5329115e-02
   6.3609154e-02
   5.8195417e-02
   5.8400903e-02
   5.3780303e-01
   3.5493998e-01
   2.7152430e-01
   9.9885102e-02
   1.9882438e-01
   2.1214222e-01
   2.7760163e-01
   2.2359502e-01
   2.1904145e-01
   2.8145371e-01
   1.1352159e-01
   2.1649737e-01
   1.1883175e+02
   1.5172383e+02
   3.4835195e+01
   2.8878115e-01
   5.6667832e-01
   8.9077646e-01
   2.0147987e-01
   6.0812616e-02
   1.2133930e-01
   4.8488866e-02
   1.3910152e-01
   4.0272324e-02
   1.1421107e-02
   1.1402381e-01
   4.9663208e-02
   9.5081030e-02
   2.7072061e-01
   1.5770874e-01
   2.1881803e-01
   1.0641991e-01
   1.6584954e+00
   6.5487867e-01
   4.5372319e-01
   2.8054696e-01
   5.3602277e-02
   2.5384979e-02
   1.0945272e+02
   3.8947691e+02
   4.8308316e+02
   4.7083477e+02
   2.2403505e+01
   7.3884331e+03
   2.2379342e+03
   1.7534975e+03
   3.6465199e+03
   3.4222640e+03
   3.2823008e+03
   3.3898768e+03
   1.0157716e-01
   2.1734732e-01
   4.6745259e-01
   6.5844480e-02
   4.1133890e-02
   2.7748310e-02
   2.0777350e-02
   1.3923353e-02
   5.2274506e-02
   5.8372529e-02
   1.1328953e-01
   4.8580413e-01
   6.0936267e-02
   1.0515273e-01
   1.6879361e-01
   2.5050076e-01
   1.7997442e-01
   2.9560761e-01
   2.3998063e-01
   1.8582190e-01
   9.2747867e-02
   1.1245044e-01
   2.2552431e-01
   9.6892788e-02
   1.7503647e-01
   2.5533692e-01
   3.4453193e-01
   1.1562748e-01
   1.3366094e-02
   2.3756450e-01
   1.2596041e-01
   2.7487687e-01
   5.1659504e-02
   2.1281063e-02
   7.0721122e-02
   5.9439414e-02
   4.1072614e-02
   1.7897723e-01
   3.6637235e-01
   2.3170505e-01
   2.7737742e-01
   3.1805797e-01
   9.7792037e-01
   2.1089014e-01
   1.6463699e-01
   2.4113337e-01
   6.3038191e-02
   5.3633446e-02
   4.1201117e-02
   8.3225020e-02
   6.1734770e-02
   2.5314863e-02
   7.6743329e+00
   3.8847086e+00
   1.0164365e+03
   6.9518699e+02
   3.8883261e+02
   1.0043842e+02
   1.0637878e+03
   6.7576939e-02
   3.0598815e-01
   9.8514875e-02
   1.8011117e-01
   1.5614871e-01
   1.5827617e-01
   5.2982219e-02
   5.4310619e-02
   6.2894184e-02
   4.1050819e-02
   1.5543023e-02
   5.9172117e-02
   2.4506407e-01
   6.7789547e-01
   1.2667143e-01
   2.4495171e-02
   1.2129031e-01
   2.3730615e-01
   2.2738048e-01
   1.5220444e-01
   2.8801347e-02
   1.4459360e-01
   3.3205217e-02
   1.9132369e-01
   5.6554060e-02
   2.1362767e-02
   7.2376159e-02
   1.0290761e-01
   9.3757056e-02
   7.8970589e-02
   5.0592049e-02
   8.8115599e-02
   6.9188662e-02
   3.8349132e-02
   3.0345287e-02
   8.5567959e-02
   2.9355038e-02
   5.5359398e-02
   1.2183228e-01
   2.7712145e-02
   4.6478854e-02
   5.0065791e-02
   1.4988987e-01
   6.0113445e-01
   9.1675500e-02
   1.9334694e-01
   1.1342764e-01
   2.0532386e-01
   1.1610912e-01
   5.6594627e-02
   7.4938871e-02
   8.0539676e-02
   2.4519797e-02
   6.5030185e+00
   1.2689570e+01
   9.3763731e+00
   7.5012035e-02
   9.7330641e+02
   8.1415784e+02
   3.0707602e+02
   3.9061711e+02
   3.0763074e-01
   1.2652821e-01
   1.2813426e-01
   2.8144168e-01
   2.5525788e-01
   2.0068436e-01
   1.8449242e-02
   1.7874675e-02
   1.1622536e-01
   2.4863754e-02
   1.5597258e-02
   1.4810123e-01
   1.2173237e-01
   1.0571221e-01
   1.0501593e-01
   3.9546067e-02
   2.5202025e-02
   1.0802446e-01
   5.4250103e-01
   4.4326287e-02
   2.9689657e-02
   1.0935304e-01
   6.8450080e-02
   9.9681307e-02
   1.1581075e-01
   4.2207083e-01
   8.5499125e-02
   3.5101037e-02
   4.8240767e-02
   3.2817029e-02
   8.5495191e-02
   2.4321879e-01
   2.2815582e-01
   5.5444622e-02
   9.0716930e-02
   1.5122545e-01
   1.1027215e-01
   5.0357930e-02
   3.2260520e-02
   1.2894858e-02
   4.8973177e-02
   1.9059297e-01
   7.5474623e-02
   6.8770851e-02
   4.5745172e-02
   4.5255890e-02
   2.9660591e+01
   1.3905625e-01
   2.0552452e-01
   3.8182832e-01
   3.4684629e-02
   4.7959003e-02
   6.0321060e-02
   1.8486097e-02
   2.2508285e-02
   4.1249606e-02
   2.8620182e+02
   6.1447233e+02
   1.0705853e+03
   1.4608086e+03
   6.5218455e+02
   1.1226392e-01
   2.1712220e-01
   2.1024049e-01
   2.2107149e-01
   1.4267820e-01
   8.1615282e-02
   5.4466045e-02
   1.0161931e-01
   2.4242235e-01
   6.2842114e-02
   2.1640455e-01
   3.8515371e-02
   8.3719022e-02
   2.0726731e-02
   3.6409202e-02
   2.9678177e-02
   1.2294418e-01
   3.7525098e-02
   5.7745286e-02
   6.0882577e-02
   1.3139838e-02
   8.6207066e-02
   1.2789203e-01
   2.7633564e-01
   1.1401598e-02
   8.2380072e-02
   2.6979999e-02
   2.0492552e-02
   8.7977795e-02
   8.0038830e-02
   4.9464565e-02
   1.0490834e-01
   2.2569029e-01
   1.1946690e-01
   2.1970307e-01
   9.6302627e-02
   1.5090882e-01
   3.6285611e-02
   3.6823360e-02
   8.0054879e-02
   2.6383031e-02
   2.4758442e-01
   4.4850392e-02
   2.4469951e-02
   3.4020543e-02
   1.2192849e+02
   4.0674591e+00
   1.1139090e-01
   1.4610975e-01
   3.7627740e-02
   1.7735143e-02
   6.8922115e+01
   1.3488742e+02
   2.1173390e-02
   3.3788457e-02
   5.3977253e+01
   1.6818441e+02
   1.5937297e+02
   2.4582593e+02
   2.9434185e+02
   1.0735577e-01
   4.8063870e-02
   2.3118771e-01
   2.3176051e-01
   3.4969420e-01
   6.4794756e-01
   4.2250361e-01
   8.0503535e-02
   9.5237434e-02
   4.1737725e-01
   3.6385433e-02
   4.3186634e-02
   1.0510394e-01
   4.6836479e-02
   8.8535575e-02
   2.1683610e-02
   4.8636248e-02
   6.9529110e-02
   2.5090747e-02
   3.6292166e-02
   1.0163092e-01
   5.4007085e-02
   5.7420136e-02
   1.8382754e-02
   6.6245539e-02
   5.8379762e-02
   3.3793453e-02
   3.9861818e-02
   1.4705368e-02
   1.2628312e-01
   8.0062658e-02
   2.4985215e-02
   9.6946466e-02
   8.0944460e-02
   1.1341326e-01
   7.5824265e-02
   1.5369194e-01
   4.1550142e-02
   5.8059717e-02
   2.6468364e-02
   9.7704072e-02
   7.4657060e-02
   4.8813265e-02
   5.2423412e-02
   2.3987781e-02
   1.4063558e+03
   6.7668331e+00
   2.0323382e+03
   2.8964357e+03
   2.6388566e+03
   7.0559546e+01
   1.3171387e+02
   2.1222029e+02
   6.3635447e+01
   4.8339767e-02
   3.4040005e-02
   5.5745326e-02
   2.2070197e+02
   1.3700573e+02
   3.5747638e+01
   1.0140092e+00
   2.6503303e-01
   1.9989373e-01
   1.1000373e-01
   8.6019746e-02
   6.8313355e-02
   7.2414441e-02
   1.1552337e-01
   5.8367689e-02
   5.7723455e-02
   7.6313159e-02
   9.0856714e-02
   1.9617368e-01
   2.9587789e-02
   1.7341982e-02
   5.0057263e-02
   2.8126424e-02
   4.7960311e-02
   3.8147406e-03
   6.5634177e-03
   5.5092077e-02
   7.8830380e-02
   3.1988035e-02
   1.9794113e-01
   1.8115039e-01
   4.0415306e-01
   1.3840884e-01
   2.0114266e-01
   1.3584243e-01
   1.5948386e-01
   4.4716629e-02
   4.2705250e-02
   2.3692956e-02
   9.2795583e-03
   4.6058914e-02
   6.9938902e-02
   1.7602235e-01
   5.5782846e-03
   1.2498008e-02
   2.1070070e-02
   1.8398076e-01
   2.0129679e-02
   9.2325204e-02
   1.9388159e-02
   4.3586980e-02
   1.9170121e+03
   1.2525785e+01
   1.3084717e+01
   2.7836758e+03
   2.7666925e+03
   9.6269083e+02
   4.5799730e+02
   1.3399291e+02
   7.4204995e+01
   8.1152136e-02
   1.6386321e-01
   1.3423683e-01
   2.3642496e-01
   2.3907337e-01
   3.9674308e+01
   1.6443094e-01
   5.9602109e-02
   9.3780692e-02
   1.1728867e-01
   8.8099766e-02
   6.2301402e-02
   2.6326383e-01
   2.3285612e-01
   7.7562770e-02
   3.9809868e-02
   1.4880292e-02
   2.2660796e-02
   2.1574521e-02
   3.9074663e-02
   5.1482571e-03
   3.7906792e-02
   7.3488463e-02
   1.3428772e-01
   3.6687492e-02
   5.5135187e-02
   6.1111418e-01
   2.3813047e-01
   1.5701894e-01
   1.3871648e-01
   1.2505538e-01
   6.7315993e-02
   1.3573982e-01
   2.2945021e-01
   9.4020047e-02
   2.9840381e-01
   8.1409819e-02
   2.9112162e-02
   4.4951666e-02
   8.8775596e-02
   6.3018465e-02
   1.7820724e-01
   1.0261373e+00
   4.6824904e-02
   1.6977705e-02
   2.7003983e-02
   1.7729397e-02
   4.6531771e-01
   9.0286950e-02
   7.4099789e-02
   1.8819277e-02
   3.2891141e+02
   3.0444787e+02
   1.4331354e+02
   1.5479558e+02
   3.8453766e+02
   6.2967971e+02
   6.1517275e+02
   8.8387359e-02
   1.1986584e-01
   3.0302590e-02
   1.8441818e-01
   1.4322985e-02
   2.2181601e-02
   7.8329690e-02
   1.7401743e-01
   2.7830435e-01
   1.2205497e-01
   4.6472263e-02
   5.6082932e-02
   1.8438062e-01
   7.7973107e-02
   6.3731257e-02
   6.0330638e-02
   5.9650539e-02
   2.4167725e-02
   1.2750258e-02
   4.0192143e-02
   9.1063304e-02
   3.8065036e-02
   3.1531918e-02
   2.1431456e-02
   3.4717066e-01
   2.0547207e-01
   1.6302195e-01
   9.5705371e-02
   2.9792238e-02
   2.6965733e-01
   4.2272296e-02
   1.2969088e-01
   7.2659471e-01
   2.1191639e-01
   2.5761544e-01
   7.6579598e-02
   5.6945925e-02
   1.2743770e-01
   6.1984236e-02
   6.2807556e-02
   1.2487834e-01
   1.6774319e-01
   8.7529553e-02
   4.5698280e-01
   2.4325993e-02
   1.1669100e-01
   1.5133243e-02
   4.6459356e-03
   1.3053876e-02
   2.8559959e-02
   6.2903678e-02
   4.9892379e-02
   1.2788564e-02
