   3.0073430e+02
   1.1473368e+02
   2.2713309e+02
   1.2773756e+02
   5.0901549e+01
   1.3690238e+02
   2.8620498e+01
   4.5014516e+01
   2.2516902e-02
   1.5122105e-02
   3.9747680e-02
   1.2227408e-01
   1.6047667e-02
   1.0353269e+03
   4.1530607e+02
   5.6337137e+00
   4.1945070e+02
   2.3664500e+02
   6.9544695e+01
   2.3495954e+02
   2.1791280e+03
   5.3099105e+02
   1.9141082e+01
   7.1239101e-01
   1.4116997e-01
   1.8272528e-01
   2.0699313e-01
   2.0115912e-01
   1.1612073e+02
   6.0874619e+01
   6.7683392e-05
   9.3753150e-02
   3.4294483e+02
   9.2139176e+02
   1.5843400e+03
   2.5283154e-01
   3.3565879e-01
   1.2945356e-01
   1.2904888e-01
   2.6954935e-02
   5.5002873e-02
   2.7983091e-02
   1.7992542e-02
   9.0133507e-02
   4.6099564e-02
   3.2025329e-02
   1.0571741e-01
   2.6141064e-02
   2.9202656e-02
   3.9315158e-02
   5.9114310e+02
   2.0568378e+03
   7.1036603e+00
   2.3446358e+00
   4.6437945e-02
   6.7998518e+01
   3.3829609e+01
   9.8320699e+01
   7.8604386e+00
   1.3970917e+01
   5.6204053e+02
   3.9278810e+02
   3.5738560e+03
   3.4063751e+02
   3.0081165e+02
   1.7577619e+02
   1.3069668e+02
   4.1856486e-01
   7.9847628e+00
   4.1938800e-03
   4.7215038e-02
   9.2256632e-02
   1.9608750e-02
   1.9006259e+02
   9.5534304e+01
   4.6085919e+00
   2.1936847e+02
   1.8518944e+02
   1.4365912e+03
   5.0344888e+02
   3.2804861e+02
   1.0032484e+02
   4.3530951e-01
   1.7027214e-01
   7.0250944e-02
   3.0269424e-01
   3.2264474e-01
   8.2893511e-01
   6.7703296e+02
   4.8750065e+02
   2.2675152e+02
   1.5611323e+03
   6.1926172e+03
   7.2973282e+03
   2.0216150e+03
   2.3382910e+03
   1.8606775e+00
   3.4937254e-02
   4.0198928e-02
   7.0584539e-02
   8.2657054e-02
   4.3625689e+02
   7.7125784e+01
   7.5973310e-04
   4.5853948e-02
   7.5420507e-02
   3.3712828e-02
   3.6049395e-02
   1.7951651e-01
   6.3900969e-03
   3.5981045e-02
   1.5889896e+01
   3.9925994e+00
   2.9942277e+00
   3.6181947e+00
   1.3698160e+01
   1.9769384e+01
   9.1250016e+01
   3.7404315e+01
   1.9023732e+01
   3.4685621e+02
   9.3609944e+01
   5.6770889e+01
   9.7447644e+01
   1.1426898e+02
   2.8168822e+02
   1.9613553e+02
   2.6883305e-02
   1.7374294e+01
   2.9667630e+01
   4.5617673e-03
   1.4099963e+02
   1.0982377e+03
   9.7856536e+02
   4.6323425e+02
   7.4751547e-07
   3.3513356e-02
   1.2894296e-01
   2.1567390e-01
   2.8040327e-02
   4.5228719e-01
   3.9826125e-01
   1.5472597e-01
   2.1638311e-02
   5.6438244e-01
   1.3457901e-01
   2.3682507e-01
   7.5595838e+02
   3.3244473e+02
   3.4194538e+02
   5.4652200e+02
   5.5697994e+03
   2.0042289e+03
   4.3851078e+03
   1.4355342e+03
   2.1107396e+03
   6.0124913e-02
   2.0227396e-02
   5.9572293e-02
   3.9248813e-02
   3.2556033e-02
   9.0512255e+02
   1.8163836e+02
   2.5513528e+02
   1.5070555e-02
   2.9310092e-01
   2.6394939e-02
   3.3568405e-02
   8.2044812e-02
   1.6141886e-02
   1.7615113e+03
   1.0172074e+03
   5.8940550e+01
   5.3701735e+01
   1.7118268e+01
   2.6880104e+01
   4.4343005e+01
   2.6027108e+01
   1.1236140e+02
   1.3208540e+02
   7.4746707e+01
   2.0953247e+01
   4.9922248e-03
   3.1719548e-02
   2.5523996e-01
   5.6612419e-03
   1.9519550e-01
   4.1550478e-02
   1.0362983e+02
   8.8387762e+01
   1.5360176e+02
   2.2681092e+02
   1.9563751e+03
   2.0852551e+03
   3.2818095e+03
   1.4916056e-03
   1.1993346e-02
   7.9623868e-02
   3.9211642e-01
   9.1208785e-02
   6.5027500e-01
   3.2049764e-01
   7.2063713e-03
   6.2356332e-02
   5.0941259e-02
   1.0853470e-02
   2.3593185e-02
   1.5741768e+03
   2.7465227e+02
   8.3289497e+01
   5.6209950e+01
   3.4457615e+03
   1.2743732e+03
   7.9574313e+02
   3.6474110e+02
   2.2988967e+02
   1.3986833e+03
   1.7192088e-02
   1.6529480e-01
   4.0041837e+02
   4.9329808e-03
   7.1345663e+01
   1.8575010e-01
   7.3603412e-02
   4.0547948e+01
   6.4088900e-01
   5.2003718e-02
   2.9077170e-02
   1.0919020e-02
   6.9587320e+02
   1.5363946e+03
   8.8192431e+00
   6.5630320e+01
   2.9605342e+01
   1.0303178e+01
   4.3526566e+01
   8.2050230e+01
   3.1351777e+01
   5.1547739e+01
   1.0812175e+02
   6.8056862e+01
   9.6670537e+01
   1.8735011e+02
   1.0752024e-05
   3.5624063e-01
   1.5570055e-01
   1.7388535e-02
   1.4079085e-02
   7.7648426e+01
   8.8303680e+01
   6.3437363e+02
   2.1164143e+02
   8.0614014e+02
   2.4087766e+03
   3.1385952e-05
   4.2557718e-03
   3.4356307e-02
   4.5877501e-02
   3.3659564e-01
   1.6487890e-01
   2.7643815e-01
   4.6541273e-03
   2.1348176e-02
   1.5001009e-01
   9.6375409e-02
   3.0137575e-01
   2.5485133e+02
   1.3165663e+02
   2.3883012e+02
   9.2497947e+01
   1.3443523e+02
   6.4487245e+01
   3.5058958e+02
   3.2988978e+02
   4.1941246e+00
   1.5017124e+01
   3.8981040e+01
   2.4504943e+00
   2.2008815e-02
   2.7565668e+02
   1.6168520e+02
   1.1074328e-01
   6.9504918e-02
   9.9882695e-03
   2.8784077e+02
   1.0423475e-04
   7.0248406e+02
   4.5956267e+02
   5.3932899e+02
   3.0273811e+02
   1.2796490e+04
   7.6290136e+01
   7.8500880e+01
   9.9562912e+01
   3.7735814e+02
   2.0007031e+01
   5.4325462e+01
   4.0621080e+00
   9.8691504e+02
   2.4821657e+00
   1.4141299e+02
   5.1282092e+01
   1.4135406e+01
   7.9057202e+01
   3.9997622e-02
   9.5096603e-02
   2.6912267e-01
   1.1836670e-01
   3.7835895e-02
   7.5498111e+01
   4.3913946e+01
   1.1288472e+02
   1.5398563e+02
   1.1328933e+02
   3.4734773e-02
   3.3817769e-01
   7.1186573e-02
   3.8980718e-01
   6.4478330e-02
   1.9417006e-01
   6.8267757e-02
   1.8600853e-02
   5.2032802e-02
   4.7839346e+02
   7.0426293e-01
   2.4612540e-02
   7.0133416e+02
   2.7791414e+02
   1.6102143e+02
   3.8389058e+01
   2.0481009e+02
   1.1565835e+02
   7.6142777e-05
   1.2315287e+02
   6.8839085e-02
   2.7937455e-01
   3.2266978e+01
   7.4321278e+00
   1.7448821e+03
   8.0769134e+02
   1.0198642e+03
   4.7979522e-02
   9.2936124e-02
   4.0975860e-01
   9.1981575e-02
   1.5457921e+02
   2.3669768e+02
   5.8341187e+02
   7.7191867e+02
   8.3021745e+01
   5.7124298e+02
   3.7474669e+02
   1.4489703e+02
   4.6785689e+02
   7.0650315e+01
   1.6797222e+02
   2.2865705e+02
   5.1193481e+00
   1.4381207e+03
   7.1822607e+02
   2.5108383e-03
   4.4757071e-01
   2.8960690e-01
   2.5281995e+02
   1.3257679e+03
   9.4427940e+01
   1.4014765e-03
   1.7275424e-02
   1.9529566e-01
   1.8639513e-02
   3.5624950e-01
   5.5683229e+01
   4.1739625e+01
   8.3734677e-02
   4.0818173e-02
   8.0732755e-02
   2.3381871e-01
   3.3626412e-01
   1.3734380e-02
   8.1965733e-02
   1.5068154e-01
   2.5799844e-02
   9.0833419e-02
   2.9745950e+03
   9.0964892e+01
   1.5667107e-01
   7.9767392e+01
   1.4869183e+02
   3.9984416e+02
   1.4830577e+03
   2.4665668e+02
   1.6283609e+02
   1.9007775e+02
   1.1448484e+01
   4.1139414e-02
   8.6610922e-02
   1.0844251e-01
   1.1299090e+02
   1.6271382e+03
   3.5690739e+03
   1.6637240e+03
   1.1250914e-02
   8.7104842e+01
   4.2365266e-02
   1.4479882e+02
   8.9849039e+01
   3.9409342e+02
   6.7379570e+02
   6.8351906e+02
   1.6068237e+02
   8.4774073e+02
   5.7281994e+02
   1.3936237e+02
   2.0868861e+02
   2.0898023e+02
   6.1893577e+02
   9.1413590e+01
   3.1935717e+01
   1.5879062e+02
   6.2045834e+02
   1.1607787e-02
   2.9410453e-01
   7.6154137e+02
   4.0558306e+02
   3.2327970e+02
   3.0603300e+02
   9.6126728e+02
   2.5609030e+03
   1.2621312e-02
   8.6346985e+02
   6.7546871e-03
   6.3126268e-01
   4.0294965e-01
   1.9899248e-01
   1.4799735e-01
   1.0610158e-01
   1.1242010e-01
   8.9287164e-02
   4.7185145e-02
   5.1775954e+02
   7.1911258e-01
   3.0048463e-01
   4.4511818e-01
   4.5973807e+02
   5.0775585e+02
   1.6356135e+02
   8.1920949e+01
   7.1766339e+01
   5.9044965e+01
   8.6531026e+02
   1.6638794e+02
   2.4129554e+01
   8.8175503e+02
   2.2549220e+02
   2.7583047e+01
   1.9731940e-01
   3.5955286e-01
   2.2749403e+02
   2.4129011e+03
   2.2323463e+02
   2.4032535e+00
   1.2446492e+01
   1.4835297e+01
   3.0207414e+01
   2.2362640e+01
   1.4639705e+02
   2.2973481e+02
   4.2924989e+02
   6.3923735e+02
   2.8888172e+02
   5.1482453e+02
   4.7475928e+02
   2.1607972e+02
   2.3085549e+02
   2.6933985e+02
   6.6517728e+01
   6.6297056e+01
   1.8322119e+01
   5.6320195e+01
   4.8564507e+01
   8.1116354e+01
   2.0625248e+02
   3.8028646e+02
   5.7995122e+02
   8.6452640e+02
   2.4133197e+03
   3.5801372e+02
   3.6389923e+02
   7.6732665e+01
   9.5575492e+01
   1.6307272e+02
   2.9986917e-02
   3.6863667e-01
   5.0607559e-01
   1.1316965e-01
   2.9196036e-01
   2.3681939e-01
   7.0811033e-01
   2.6152323e+02
   1.4822902e+02
   2.0695652e-03
   9.9658583e-01
   1.0118575e-01
   2.5158030e+02
   2.9236166e+02
   1.0239625e+02
   1.3969790e+02
   1.9331529e+02
   2.9964062e+01
   5.8174390e+01
   1.1383953e+02
   1.6950739e+02
   4.1923816e+00
   1.6885364e+02
   1.4253449e+01
   2.9218764e+01
   3.7268647e-01
   1.6970081e+03
   1.2481494e+03
   1.9190571e+03
   4.0980540e+00
   8.5291683e+01
   4.4911957e+01
   2.9223707e+01
   1.6791110e+01
   3.5382430e+02
   3.5256147e+02
   1.4714893e+01
   8.0685311e+02
   1.2362951e+02
   7.5685109e+02
   1.7368604e+02
   1.6101552e+02
   2.3476238e+02
   7.5248229e+01
   4.8824421e+01
   2.4684297e+02
   2.4742339e+01
   2.3773502e+01
   3.8062784e+01
   8.1273927e+02
   1.6751232e+03
   1.8024746e+03
   1.0396406e+03
   2.1940977e+02
   8.8959113e+01
   7.0024150e-03
   5.1153309e+02
   1.6429609e+02
   9.2092365e+01
   1.0514511e+02
   1.2951584e+02
   2.0055843e-01
   1.5557056e-01
   3.5420294e+02
   2.3224175e-02
   1.2933902e-01
   2.0552612e-02
   1.2622276e+03
   4.8606696e+02
   7.9703251e-03
   5.0630387e-01
   2.4402343e+01
   5.1440957e+01
   1.7381544e+02
   2.9126215e+02
   1.5948653e+02
   1.6313582e+02
   3.1155284e+01
   7.7240536e+01
   6.7378943e+01
   5.7242981e+02
   4.7541734e-01
   1.5488119e+02
   1.8759474e+02
   1.6795470e+02
   1.5451792e+02
   1.2376508e+01
   6.2176756e+02
   4.1455009e+02
   1.9146526e+02
   7.0352998e+01
   3.1576517e+02
   3.3723982e+02
   6.5828249e+02
   1.4207490e+02
   1.2203382e+02
   2.3421347e+02
   2.2159641e+02
   1.7560811e+02
   1.5632301e+02
   3.0707088e+02
   2.0227554e+02
   9.7492785e-02
   1.7601436e+02
   2.2548932e-01
   3.0137808e+02
   9.4639420e+01
   1.5491212e+02
   3.5679697e+01
   4.1600967e+02
   9.8940843e+02
   5.6652576e+02
   3.2268999e+02
   1.0329512e+02
   2.6047848e+02
   1.5702984e+02
   3.1423623e+01
   6.2549120e+01
   4.3836325e+01
   1.1313744e+02
   4.7241893e+01
   8.8841900e+01
   1.9491885e+02
   5.8387756e+01
   1.2575997e+02
   2.2680034e-02
   4.3823849e+02
   8.5730915e+02
   1.4084093e+03
   3.4678333e-06
   2.4445201e+01
   7.7421916e+01
   4.9595161e+01
   3.8164316e+01
   8.2190919e+01
   5.3934874e+02
   3.6473533e+02
   1.1598003e+02
   1.6564025e+01
   1.3239501e-02
   6.2963027e+03
   4.2637451e-02
   1.5555299e-01
   2.5408484e+02
   8.5335891e+01
   3.9402965e+01
   3.0418074e+02
   2.1123137e+02
   2.2535458e+02
   1.1571531e+01
   9.0218829e+01
   7.5052841e+02
   4.4386987e+02
   9.4112163e+02
   4.0103267e-04
   2.7624841e+01
   1.0955989e+02
   4.9010888e+01
   9.6652636e+01
   1.6316336e+02
   1.8522221e+02
   4.8376192e-02
   7.0934473e-02
   3.6111545e-02
   1.1124060e-01
   1.4801753e+02
   9.3368204e+02
   6.9140702e+02
   7.3672411e+00
   1.1851047e+02
   1.2217288e+02
   2.5553965e+02
   1.3264267e+03
   2.1063074e+02
   8.0821775e+01
   1.8466635e+02
   3.9776313e+01
   1.5686334e+01
   2.8427616e-03
   9.5478904e+01
   1.1404138e+01
   9.6993116e+02
   3.3204795e+02
   8.0729228e+00
   3.0283616e+01
   5.1803866e+00
   6.7499790e+01
   8.2911663e+02
   4.4144238e+03
   7.4883153e+00
   1.0368742e+02
   1.8145978e+02
   1.0358079e-02
   1.0538347e-01
   1.8147553e+02
   2.8776076e+02
   2.3450895e+02
   3.4396382e+02
   8.2090416e+02
   1.5529437e+03
   8.9893516e-06
   6.6685503e+02
   5.2823559e+02
   6.1727137e+02
   4.1689197e+02
   2.4643300e+02
   3.2546558e+02
   6.4698910e+02
   5.4215007e+02
   3.2976889e+01
   2.3006040e+02
   1.4599340e+02
   1.9376847e+02
   2.3370098e+02
   3.0568162e-01
   5.9349198e+01
   3.2230036e+00
   3.2374800e-01
   1.9108673e-01
   3.6213373e+01
   3.4340024e+02
   6.0839470e-04
   1.8561728e-02
   2.4738338e-02
   4.5703111e-02
   1.0130852e+02
   6.7992648e+02
   4.2185824e+02
   4.8075985e+01
   7.4226508e+01
   3.3699523e+01
   3.9184719e+01
   6.7442343e+01
   5.8207850e+01
   7.2039554e+01
   1.7509429e+02
   3.2924170e+02
   1.7967713e+02
   2.2499465e+01
   4.4273588e-02
   4.3789966e+02
   1.0129625e+02
   1.4843633e+00
   4.5902283e+01
   1.6127225e+01
   1.9802299e+01
   4.4479957e+01
   3.4225569e+01
   1.6220164e+00
   9.4294012e+00
   1.2202162e+02
   3.9736696e+01
   1.4370596e-02
   5.6254488e-02
   1.4277773e+02
   3.7132276e+02
   1.7401850e+03
   1.0947769e+03
   6.8388334e+02
   8.4660365e+03
   1.1089444e-01
   4.5365553e+02
   1.9193460e+02
   3.9704500e+02
   4.5291978e+02
   2.0532524e+02
   1.9534204e+01
   1.8125602e+03
   5.5809582e+02
   3.3173508e-02
   1.3220647e+02
   8.2729765e+01
   5.3424587e+02
   2.5505652e+01
   9.4724434e+01
   4.1479827e+01
   5.8870716e-02
   1.1540176e-01
   5.6208337e-02
   2.0636425e-02
   3.7582473e+01
   3.9487556e-04
   1.6101137e-01
   1.7632465e-02
   1.5262748e-01
   1.2326083e-01
   1.0388781e-01
   3.0534200e-02
   3.0111187e-01
   3.3522313e+01
   1.0096208e+02
   2.5473540e+01
   1.3988545e+01
   3.5906667e+01
   2.8070022e+01
   8.7346438e+00
   8.6561584e+01
   8.0538925e+01
   6.2015430e+01
   2.2316316e+02
   1.6393649e+02
   1.5468735e+01
   1.7335673e+01
   2.5960176e+01
   4.0353477e+00
   6.3931801e+01
   5.6880326e+00
   3.0691121e+00
   3.7326803e+00
   5.7746400e+01
   9.2189580e+01
   1.7787563e-05
   1.7656180e-01
   1.1651597e-01
   4.4678515e+02
   1.8594892e+02
   4.5779780e+02
   7.2911962e+02
   7.4490074e+02
   3.0617363e+03
   1.9708809e+02
   5.1015636e+01
   4.0949542e+01
   8.1590209e+01
   4.2799880e+01
   1.8514019e+02
   2.2770143e+02
   4.3160300e+02
   7.0716692e-03
   1.6144515e-01
   9.2119184e-02
   2.3482853e-02
   3.6771803e-02
   1.7291913e+02
   7.2386454e+01
   2.2543090e-04
   2.0971799e-02
   3.1140627e-02
   6.6352849e-02
   6.8868522e-02
   1.1545712e-02
   2.2054064e-02
   5.5465865e-02
   6.4893640e-01
   6.5950642e-02
   2.0817202e-01
   1.3754572e-02
   2.7048899e-02
   7.9463232e-02
   7.4338522e+01
   1.8618040e+02
   6.4064759e+01
   6.6431808e+01
   3.1426830e+01
   5.5196670e+02
   5.7504353e+02
   4.5431802e+02
   5.4035363e+01
   4.3365226e+01
   8.8978847e+01
   2.8314738e+02
   1.6265816e-03
   1.1230562e-01
   7.1843476e+01
   2.0178833e+01
   1.5742437e+02
   3.3073989e+01
   2.2952227e+01
   3.7009498e+01
   5.3541121e+01
   7.9948389e+01
   3.5316718e-02
   4.2783816e-01
   6.3286743e-02
   9.2773082e+02
   1.1787132e+02
   6.0691207e+02
   2.2944188e+02
   6.6384984e-03
   1.5560442e-01
   4.7162672e+02
   2.3929335e+02
   4.9021268e+01
   4.3053237e+01
   2.2310804e+01
   8.3755388e+00
   7.3782199e+01
   9.6357288e+00
   1.5691842e+00
   1.2057694e+00
   1.0893700e-01
   1.0809145e-01
   1.6306399e-02
   1.0699527e-01
   7.1794645e-01
   1.2598420e-01
   9.2079091e-02
   5.3829652e-02
   6.6392561e-03
   2.1649053e-01
   2.2608916e-01
   3.1942033e-01
   2.3790006e-02
   2.7433561e-01
   1.8112810e-02
   3.1343015e-02
   1.2423496e-02
   5.0898131e-02
   9.6666644e-02
   2.8258864e+02
   8.0992018e+01
   9.1517677e+01
   2.0502231e+02
   3.1524992e+02
   1.4473512e+03
   1.8674482e+02
   7.5435682e+02
   5.8294329e+02
   1.5124368e+02
   1.4535368e+02
   6.1254807e+02
   1.7537006e+03
   3.8091271e+02
   3.2389201e+01
   8.1836927e+02
   4.0401055e+02
   2.3000596e+02
   1.3186340e+01
   1.0091210e+02
   9.5735393e+01
   4.0250752e-04
   1.5867863e-01
   2.2970738e-01
   8.8361692e-02
   2.1294057e-01
   3.6752294e-01
   5.8644675e-02
   2.1786728e-02
   2.4625252e-01
   5.0904014e-02
   1.8405391e+02
   6.0556035e+01
   4.6406291e-03
   3.5025130e-03
   1.9837732e-02
   5.2536558e-02
   2.1008236e-01
   1.3294367e-01
   4.7936810e-01
   4.9887885e-01
   7.7632090e-02
   1.9648788e-02
   4.1766267e-02
   4.1355404e-01
   2.6356096e-01
   1.9249156e-01
   2.7821537e-02
   3.9580512e-02
   1.9959929e-01
   5.4264973e-02
   1.4281643e-01
   4.6287422e-02
   2.2577480e-02
   3.8886891e-02
   3.9779321e-02
   2.0386036e-02
   2.9774639e-01
   2.3581978e-02
   7.5226080e-02
   1.6338247e+02
   3.2536302e+02
   7.6628224e+02
   9.1373934e+02
   5.2544408e+02
   2.3891214e+02
   2.8685422e+02
   3.5286680e+02
   2.0253341e+02
   1.9614837e+02
   7.4771906e+01
   1.6802289e+02
   1.9452455e+02
   3.4230946e+02
   2.3849255e+02
   4.5530661e+02
   1.3464950e+03
   5.3189779e+02
   8.0380670e+02
   2.0362390e+02
   1.6638855e+02
   1.9478940e-02
   8.6333193e-02
   2.7672382e-01
   1.1273732e+00
   4.6463115e-01
   8.1445352e-02
   1.3028092e-01
   1.2766848e-01
   8.2912861e-02
   1.7012811e-01
   1.1956191e+02
   3.6845909e+01
   1.3540713e-02
   1.7991480e-04
   2.7671461e-02
   2.6388498e-02
   4.5067852e-02
   1.4482570e-01
   3.2426293e-02
   1.6614179e-02
   4.2353466e-01
   2.4439502e-03
   7.2164224e-03
   6.9148751e-02
   7.7683993e-02
   1.6091825e-01
   1.9680314e-01
   8.9949256e-02
   1.1208140e+00
   3.4591242e-01
   1.6592523e-01
   1.0127770e-01
   1.3190678e-01
   4.7820270e-01
   1.5046006e-01
   6.1871708e-02
   3.8838704e-02
   1.5760492e-01
   5.4857261e-02
   7.9969496e+02
   3.7152651e+03
   6.0897561e+02
   9.6424641e+02
   4.7708058e+02
   7.8444572e+02
   1.3760621e+03
   4.0065392e+02
   2.5017350e+02
   7.5163321e+01
   6.7878882e+01
   9.0064988e+01
   3.1392219e+01
   6.2473182e+01
   1.1540124e+02
   2.0742646e+02
   5.2550654e+02
   7.1101269e+02
   4.8754760e+01
   8.3897409e+01
   2.5250876e-04
   1.1081948e-02
   4.9070364e-02
   4.2521498e-02
   1.1189727e-01
   3.9977685e-02
   1.4961014e-02
   3.3853535e+02
   9.5718403e-02
   7.0462891e-02
   3.9221793e-01
   9.5882735e+01
   8.9350617e-03
   8.0011554e-02
   3.6517258e-02
   2.6482656e-02
   1.2247777e-01
   2.1330661e-01
   6.0416139e-02
   3.5804748e-01
   1.3177040e-02
   5.9023514e-01
   3.3654754e-02
   1.1880210e-03
   1.3151259e-02
   4.5125451e-03
   2.5132038e-02
   7.5824987e-02
   4.7582889e-03
   1.3814796e-01
   2.8301309e-01
   2.3316846e-01
   4.0776161e-02
   1.9900942e-01
   1.6096707e-01
   2.3076491e-02
   3.9548418e-02
   1.8999459e-01
   3.0095627e-01
   2.4799775e-02
   4.3488459e+02
   9.4674364e+02
   4.4257960e+02
   3.2535511e+02
   9.0758277e+01
   1.1196861e+03
   1.4161319e+03
   3.4662481e-05
   1.0600134e-01
   4.1132216e+01
   3.9950237e+01
   9.7084450e+01
   2.0161960e+01
   1.7089435e+01
   1.5816524e+01
   2.1656804e+01
   8.3777607e+01
   6.3561914e+01
   1.0389259e+02
   3.8993337e+01
   9.9896327e+00
   2.9055821e-03
   8.9716211e-02
   8.3552057e-02
   2.4697788e-02
   2.9567800e-01
   1.9513338e+02
   6.4902152e+01
   3.2209835e-02
   5.7290955e-02
   6.5217624e-02
   2.7563594e-02
   1.6310206e-02
   9.2815559e-02
   3.9052334e-02
   8.6859821e-03
   1.7757431e-01
   1.2483720e-01
   1.0448960e-01
   2.7285828e-01
   3.2791448e-02
   2.1580669e-01
   3.6306591e-02
   4.8956872e-03
   5.4863459e-03
   2.9652365e-02
   5.9915269e-02
   9.4752539e-02
   6.8316676e-02
   7.2833249e-02
   1.1548622e-01
   4.5218883e-02
   7.5338579e-02
   5.0427880e-01
   3.7939304e-01
   2.8275237e-01
   5.6619909e-02
   6.0443549e-01
   8.4210379e-01
   1.0170426e-01
   5.2942300e+02
   3.7605471e+02
   2.4685819e+02
   1.1142163e+02
   1.5629047e+02
   5.1019826e+02
   6.4525835e+02
   1.3519081e+03
   2.2496457e-03
   3.5484013e-01
   1.3303870e+01
   2.3088406e+01
   3.5633960e+00
   1.3244117e+01
   8.1657662e+00
   4.8651440e+02
   1.0316456e+02
   1.3948141e+02
   1.7794595e+01
   2.6158895e-03
   2.6786409e+01
   8.6547955e+00
   1.0784873e-03
   5.2869945e-01
   7.8379240e-02
   1.3500712e+02
   3.0810012e+02
   2.7778265e+02
   5.9985664e-02
   4.5716088e-02
   3.2725046e-02
   2.3571734e-02
   2.4465265e-01
   5.5614288e-02
   1.2182864e-01
   3.8306970e-02
   7.2599889e-02
   1.4929870e-02
   1.6470058e-01
   9.3433612e-01
   2.3709788e-01
   2.2450010e-01
   1.8735352e-01
   9.2576928e-03
   2.1648063e-02
   1.0560902e-02
   1.8866638e-02
   8.5436595e-03
   6.7221030e-02
   6.2992579e-03
   2.4374920e-02
   1.5542167e-01
   9.9153267e-02
   4.9049483e-01
   2.9203309e-02
   1.5586972e-01
   1.8990726e-02
   3.4472550e-01
   8.1048869e-01
   7.1805450e-02
   1.0995692e+03
   8.5274299e+02
   9.3682136e+00
   7.6224591e+01
   8.4134961e+01
   8.9873092e+01
   5.9840966e+01
   7.0876456e+01
   7.9456597e+00
   4.9766045e-03
   2.1771116e-02
   3.1820595e-01
   7.9665237e-02
   7.2404623e-03
   2.1152913e-02
   1.1230035e+03
   1.0778502e-01
   1.8840861e+03
   5.8497174e-02
   6.3505686e-02
   4.2807186e-02
   3.5657610e+01
   1.1986245e+01
   6.0869635e+02
   5.1415851e+02
   8.1834435e+02
   1.2341018e+03
   7.5916465e+02
   1.4552255e-01
   3.5616228e-02
   2.8644718e-02
   1.1981998e-01
   1.5443463e-01
   2.0191750e-02
   7.4462387e-02
   2.2117841e-01
   2.8946138e-01
   4.7899501e-02
   1.9811433e-01
   7.8211695e-01
   4.8794620e-02
   1.4905256e-01
   2.3903255e-02
   8.1610153e-03
   9.8974524e-02
   1.4990898e-03
   1.9111261e-02
   1.5684991e-01
   2.3866019e-02
   6.4308564e-02
   2.2638674e-02
   9.1525833e-02
   1.4048700e-01
   5.7490057e-02
   8.1234455e-03
   2.5086124e-02
   1.5721572e-01
   7.8650745e-01
   4.9700618e-01
   2.0533576e+02
   3.7061264e+02
   1.5627461e+02
   1.8444386e+02
   1.8983089e+02
   1.1939937e+02
   1.9597654e+01
   4.9815288e+01
   5.2248067e+02
   8.5575698e+01
   9.4793407e+01
   6.9177253e-02
   2.6402147e-01
   2.9666382e-02
   7.0870655e-02
   5.1608118e-01
   1.2209103e+03
   4.8003539e-02
   1.7958467e-01
   1.0584424e-01
   4.4142504e-02
   1.5611537e-01
   5.6488967e-02
   8.3322749e+01
   2.1360183e+01
   3.1073671e+01
   6.7736389e+01
   4.9132474e+01
   2.3263996e-02
   9.0895955e-02
   2.9346417e-02
   4.8349882e-02
   5.8496732e-02
   7.4088294e-01
   1.8424026e-01
   1.3492323e-01
   7.9678430e-02
   7.2890937e-02
   1.1072885e-01
   3.6840442e-02
   3.4928237e-01
   3.4216522e-01
   5.5319426e-02
   3.4909164e-02
   3.6775536e-02
   1.7776323e-02
   1.5735129e-03
   2.9981384e-02
   1.1803148e-01
   1.9217120e-03
   2.5480861e-02
   5.9908690e-03
   1.6536540e-02
   1.4257991e-01
   5.1863998e-02
   1.0093883e-01
   1.2220681e-01
   5.5662380e-02
   1.5760290e-01
   2.9797823e-01
   7.5880311e+01
   4.4274331e+02
   7.3408751e+02
   4.0572360e+02
   3.8606072e+01
   8.8201605e+02
   1.1319381e+01
   3.9889989e+01
   6.6781235e+03
   1.4801831e+00
   9.8935637e+01
   1.9058314e-02
   3.4474502e-02
   1.1632126e-01
   3.2627128e-01
   2.3252157e-01
   2.0879577e+03
   2.1919676e+02
   9.2519173e+01
   1.6964075e-02
   8.7153856e-02
   1.8899794e-01
   5.8190421e-02
   1.2878861e+02
   8.5224409e+01
   2.4062700e+01
   1.7225401e+02
   7.5168174e-03
   7.4774373e-02
   7.5784684e-02
   7.7088703e-02
   6.4926631e-01
   4.0354210e-02
   8.0760399e-02
   1.7479990e+00
   2.7026946e-01
   5.9748011e-01
   3.7942823e-02
   1.1417797e-01
   1.0290434e-01
   1.6184443e-01
   3.3839383e+02
   2.5493594e-03
   7.2977719e-03
   7.3131221e-02
   8.3589476e-02
   1.7067015e-03
   9.8528606e-04
   2.3495868e-02
   6.7600980e-03
   9.8202037e-03
   2.6991481e-02
   1.6122471e-02
   5.0235998e-02
   3.1223791e-02
   4.8046991e-02
   7.4243761e-02
   6.5201784e-02
   3.0373712e-02
   6.3638259e-01
   1.3030676e+02
   2.7842373e+02
   3.4149550e+02
   2.3216381e+01
   1.0915885e-01
   6.2902027e+01
   1.9350217e+01
   1.7710499e+02
   6.3036578e+01
   6.4296353e+01
   2.5910750e-01
   1.2618707e-02
   7.1308963e-02
   4.9748324e-02
   3.2047314e+02
   2.9467785e+02
   2.0476216e+02
   4.3962584e-03
   4.3494532e-02
   5.3395175e+00
   5.3451716e-03
   2.0742924e-01
   1.1096995e-01
   1.2882688e-01
   1.9365168e+02
   3.9239440e+02
   3.3269491e+02
   6.3596509e+02
   3.3725454e+02
   8.6945370e-03
   4.4250578e-02
   1.3662799e-01
   3.6851678e-01
   2.6180852e-02
   4.8079560e-01
   5.5674189e-01
   2.8651287e-01
   2.4662508e-05
   3.8535332e-01
   6.2421164e-01
   3.4387883e-02
   7.1529557e+01
   7.9764492e+01
   2.3545894e-03
   2.7787147e-01
   1.2622877e-01
   6.2034721e-03
   9.3177828e-03
   4.2502079e-02
   2.9623129e-01
   1.5603234e-02
   1.8181723e-02
   1.7254272e-02
   4.7749571e-02
   2.7239183e-02
   3.8649937e-02
   4.6353699e-02
   3.5704925e-03
   3.8738326e-01
   6.8695027e-02
   8.4874647e+01
   3.8981915e-03
   2.4829504e-02
   1.1640229e-01
   5.6903329e-02
   8.0709946e+01
   8.8533178e+01
   1.6462521e+03
   3.6022295e-03
   2.0048692e-02
   4.8614841e-02
   7.0697240e-02
   1.6344753e-01
   1.4614056e-01
   1.4721426e+03
   1.1066604e+03
   1.4290477e+02
   4.1532912e-02
   4.1344101e-02
   6.7078887e-06
   6.5513008e-02
   9.2084377e-02
   2.3616222e-01
   2.3319096e-02
   1.8246257e+01
   1.0517589e+02
   3.8782975e+02
   3.0648148e+02
   4.7471732e+02
   4.2199764e+01
   1.8364022e-02
   1.0370160e-01
   5.5299166e-02
   1.4090507e-02
   8.2925872e-02
   5.7406557e-02
   4.0432442e-01
   1.1388626e-01
   5.1872034e-02
   3.3200917e-02
   5.7551803e-02
   7.4320750e+01
   1.3627890e+02
   3.7616059e-05
   3.9158685e+01
   1.0362442e+00
   3.9600539e+02
   8.8040188e-02
   4.3545565e+01
   5.2325765e+01
   6.2047684e+00
   1.2910089e+01
   2.7579720e-02
   1.6716280e+02
   2.1577770e-02
   1.1980597e-02
   1.4051293e-02
   8.2073878e-03
   3.4113248e-02
   3.0083666e-02
   1.2456498e-01
   9.3518081e-02
   7.6107989e-02
   3.4127700e-01
   1.2238004e-01
   2.4278604e+01
   7.8103961e-03
   1.2818817e-01
   1.0140610e-01
   3.1328414e-02
   7.5809275e-02
   1.2229566e-01
   3.6525765e-02
   6.0172333e-01
   6.5383562e+02
   5.8133375e+01
   1.5273977e+02
   2.7325253e-02
   1.0940875e-01
   3.9193606e-03
   4.5770348e-02
   2.3481380e-02
   1.3881941e-01
   1.0109483e-02
   2.1370886e+01
   3.3270299e+00
   4.0393102e-02
   1.8117643e-04
   8.2533504e-02
   7.1028603e+01
   1.5342077e+02
   3.4059410e+02
   1.0346739e+03
   6.8456240e-08
   3.8093812e-02
   1.2096288e-01
   3.7560849e-02
   2.4306992e-02
   1.5524194e-02
   7.9302757e+02
   9.9418934e-02
   1.6593091e+02
   1.8025052e+02
   2.3373815e+02
   1.6092148e+02
   1.1743827e-05
   3.1781185e+02
   2.4838768e+02
   3.2396753e+01
   3.3167358e+01
   2.6338736e+01
   3.2947581e+01
   4.2940912e+01
   1.6252050e+02
   6.5922900e+01
   6.0576359e-02
   2.2737717e-03
   2.4270458e+02
   1.9556482e+02
   2.1200263e-02
   6.5968243e-03
   9.1712636e-02
   2.6801706e-02
   2.4883885e-02
   1.1626345e-01
   1.1718934e-02
   4.5004127e-02
   7.8624648e-02
   6.5732921e-02
   8.0899345e-02
   2.7981143e-01
   3.9460265e-01
   1.3144645e-01
   5.8026789e-01
   1.3085923e+02
   1.1532995e+02
   1.0133437e+02
   6.2230808e-02
   8.9572435e-02
   3.1476287e-01
   4.5886467e-02
   8.1180033e-01
   7.7513746e-02
   1.6230237e-02
   7.6240053e+01
   8.8048812e+01
   8.7504877e+01
   6.0717319e+02
   5.8088789e-01
   2.3353597e+02
   1.4707421e+03
   7.0141390e+02
   2.2094368e+03
   6.9484423e-08
   5.7240771e-02
   1.9685571e-01
   1.5980057e-02
   1.0191129e-02
   7.0964059e-06
   4.2756992e+03
   7.3087393e+02
   1.7084532e+01
   1.7996593e+01
   2.2033491e+02
   1.0840240e+02
   2.9913850e-05
   6.3272985e+02
   4.5753682e+02
   1.1279828e+02
   5.0793753e+01
   3.3061092e+01
   4.9891766e+01
   2.6425733e+02
   1.0819262e+03
   1.1345568e+02
   1.0670913e-01
   8.7503650e-02
   1.6212889e+02
   3.1193897e+02
   1.6463862e+02
   1.4268953e-01
   2.0231904e-01
   3.2601757e-01
   3.4291662e-02
   5.0807820e-02
   1.5266837e-02
   1.2305845e-02
   1.5148783e-01
   1.1093116e-01
   2.2962987e-02
   1.1978303e-01
   3.9112960e-01
   4.5112782e-02
   3.1250399e-01
   1.2054526e+02
   1.7238393e+02
   1.9550591e-02
   2.7110032e-02
   3.3479019e-02
   3.2865710e-02
   5.8943750e-01
   7.6031393e-01
   2.1275919e-02
   1.8276102e-01
   7.8881066e-03
   1.0594323e+02
   1.6812637e+01
   2.9458520e+02
   8.3844145e+01
   5.1863471e+02
   8.1584219e-02
   9.1139798e-03
   6.1556925e+02
   1.9853244e-03
   2.4022021e-02
   2.3465994e-02
   1.1737688e-02
   5.4475638e-02
   4.9301917e-03
   7.8056868e+03
   5.8920224e+03
   8.7209564e+03
   1.7827113e+03
   2.8397924e+02
   5.1239295e+02
   1.4361022e+02
   1.5008574e+02
   1.4917999e+02
   5.5227412e+01
   3.0558270e+01
   5.4208905e+01
   4.7324942e+01
   1.2008180e+02
   1.5792675e+02
   1.7547377e+02
   3.2725812e-02
   3.1632276e-02
   1.6915351e+02
   4.4799461e+02
   3.2477247e+02
   1.6975461e+02
   4.5313942e-01
   1.0088531e-01
   1.9473313e-01
   8.9705765e-02
   6.3242612e-02
   2.2491017e-02
   3.0990238e-02
   4.3920459e-02
   1.9429031e-01
   1.6827527e-01
   1.6963445e-01
   1.7329431e-02
   7.0640278e-02
   3.5902802e-02
   5.5172605e-02
   2.2795444e-01
   4.1652390e-02
   1.5253482e-02
   7.7552236e-02
   1.7396888e-01
   2.1989192e-02
   3.6953271e-02
   1.4262385e-01
   2.0423333e-02
   8.8800725e-02
   6.1617584e-03
   2.4070991e+02
   3.9038641e+02
   1.4076386e+02
   5.3650521e-01
   7.2397490e-03
   3.8632356e-02
   3.9263904e-03
   5.4191732e-03
   3.7693682e-02
   1.2498341e-01
   2.0892969e-02
   3.8288905e-02
   2.7379177e+03
   7.2859306e+03
   2.6751985e+03
   1.6224211e+03
   1.8019328e+03
   1.2113120e+03
   1.7854662e+02
   5.3285617e+02
   5.0502415e+02
   4.0414987e+00
   7.9283747e+00
   2.8203154e+00
   7.1836787e+00
   1.4861486e+02
   2.9369193e-01
   2.1846510e-02
   1.5986077e-02
   7.5222433e-02
   1.1450909e+02
   6.4578901e+01
   1.2105765e+02
   1.4684781e+02
   6.1307232e-01
   1.0497656e-01
   2.7323710e-01
   1.6293019e-01
   1.6098068e-01
   1.1783226e-01
   9.9948336e-02
   2.5905482e-01
   1.2894565e-01
   6.5989493e-02
   2.2486608e-01
   1.8162931e-01
   1.3277575e+00
   1.7584293e-03
   1.2480516e-01
   1.1310137e-01
   1.2064091e-01
   1.6293741e-01
   1.7835058e-01
   1.8097554e-01
   1.7522373e-01
   1.2369962e-02
   1.7865261e-02
   2.8117045e-02
   2.5511876e-02
   4.7545517e-02
   6.4552087e+01
   1.1312264e+02
   6.1337836e+01
   1.3436633e-02
   2.2547341e-02
   9.2257569e-02
   2.0202463e-01
   3.8189266e-01
   1.9357114e-01
   7.6180556e-02
   3.1907372e-02
   1.6565337e-02
   1.8684076e-02
   9.3201258e+02
   1.2299021e+03
   8.3224387e+02
   9.5589610e+03
   2.7643104e+03
   1.6201913e+02
   3.4114250e+02
   9.6213341e-06
   9.0128409e+01
   7.4505575e-02
   5.5537159e-02
   8.3790490e-02
   1.1757898e-01
   4.9931381e-02
   5.8398671e-02
   4.5329184e-03
   1.9601881e-01
   1.0163634e-02
   7.4774824e+01
   2.8691915e+01
   1.1770214e+02
