   1.1669073e+01
   4.4541369e+00
   1.0712283e+01
   2.4115823e+01
   2.2961675e+02
   3.2950564e-03
   6.0779828e-03
   1.8713029e-02
   2.4589908e-02
   2.4031193e-02
   7.7862023e-01
   1.3546103e-01
   3.9941255e-02
   1.5378953e-01
   2.4018553e-02
   1.4278236e-01
   7.4140198e-02
   1.6105458e-01
   2.5310178e-02
   1.7943264e-03
   3.4399527e-02
   1.2970723e-01
   4.8481345e-02
   4.6478980e-02
   3.0374557e-02
   3.9194205e-02
   1.1126028e-01
   9.7313278e-02
   2.9453930e-01
   9.9771446e-01
   2.2146462e-01
   1.5372242e-01
   4.8141884e-02
   4.3538030e-02
   6.8702481e-03
   9.9453972e-02
   2.0670341e-01
   2.8390219e-01
   2.5323843e-01
   2.7104420e-02
   1.0512123e-01
   6.3248391e-02
   2.1441382e-03
   6.4548607e-02
   4.1853432e-02
   1.4469895e-01
   3.8553524e-01
   5.4307072e-02
   5.9357561e-02
   1.3948855e-02
   8.1800502e-03
   9.5356797e-03
   1.2019546e-01
   1.3143548e+00
   8.5039057e-01
   2.4797253e-01
   5.1668251e-02
   1.2754338e+03
   3.1868046e+02
   2.5487259e-05
   9.5980601e+00
   6.4882051e+00
   6.2232323e+00
   1.1072173e+01
   8.2415520e+01
   5.9720574e+00
   2.8237412e-02
   9.2411377e-03
   1.4135049e-01
   5.5678134e-02
   5.5586617e-02
   2.0763913e-01
   6.9953318e-02
   3.6901487e-01
   2.0252876e-02
   1.3310974e-01
   4.5314531e-02
   1.2700083e-01
   6.8387968e-03
   1.4445596e-02
   2.6786451e-02
   6.8660399e-02
   1.1688333e-02
   3.3020089e-01
   3.4956951e-01
   1.7493441e-01
   9.9395830e-02
   5.5598447e-01
   8.5569277e-02
   5.7278326e-01
   2.2596351e-01
   1.6993135e-01
   1.0761406e-01
   1.1745694e-01
   1.3217416e-01
   1.3388650e-01
   4.9372501e-01
   4.2018704e-02
   1.5914740e-01
   1.9591247e-02
   6.1365588e-02
   1.4132959e-01
   8.2224223e-03
   5.4400358e-03
   4.1674825e-02
   2.6282753e-01
   2.6476335e-01
   1.1110214e-01
   9.5326708e-02
   1.6973079e-02
   6.3562333e-02
   7.2603615e-02
   7.6670874e-01
   4.8681204e-01
   3.4268423e-01
   1.8785636e+00
   5.8899057e-01
   1.4762118e+03
   7.8873094e+02
   3.7821973e+02
   9.5835857e+00
   1.0596978e+01
   6.9370143e+00
   6.5030034e+00
   1.7082687e+01
   1.5961037e+01
   5.4486449e-03
   1.8961569e-02
   1.5868078e-01
   2.8722316e+02
   1.2571353e+02
   1.5291666e+02
   7.7158773e+01
   1.6850730e-02
   1.8684447e-02
   8.2455396e-02
   2.2131531e-02
   1.3824927e-01
   3.8173516e-02
   3.1637463e-02
   3.6436164e-02
   1.5749996e-01
   1.7725181e-02
   9.4144851e-02
   9.9382832e-02
   1.7912807e-01
   1.4253846e-01
   8.5933924e-02
   2.9664475e-02
   1.3136755e-01
   4.4373596e-02
   4.8640987e-01
   1.3352165e-01
   1.3459042e-01
   2.5110849e-01
   9.9795718e-02
   5.8518344e-02
   1.6429652e-01
   1.0924316e-01
   8.1623746e-02
   3.3697514e-02
   3.5800224e-02
   1.9298638e-01
   4.1039201e-01
   2.5118328e-02
   1.9386701e-02
   5.2326566e-01
   2.8652782e-02
   1.0432370e-02
   7.8274030e-03
   2.9531842e-02
   1.7472652e-02
   9.2249383e-02
   2.0069018e-01
   2.8604902e-01
   2.2865201e-02
   5.1105343e-01
   2.3308008e+03
   1.2927398e+02
   3.5763604e+02
   1.3354357e+01
   6.4077750e+01
   6.9261163e+00
   3.3576699e+01
   2.8107610e+01
   1.8033168e+01
   4.6484593e+01
   6.3306286e+01
   4.7935227e+01
   3.5134555e+02
   5.2583559e+02
   1.4779250e+02
   1.6363806e+02
   2.9086382e-06
   4.4718731e-02
   1.0284167e-02
   4.1718007e+01
   4.3603524e-02
   7.0173537e-02
   2.8118908e-02
   9.5128899e-02
   1.3771843e-01
   1.4066556e-02
   1.2735007e-02
   6.2815557e+02
   1.6949426e+03
   4.6913078e+02
   1.7642824e+03
   3.6335331e+02
   6.4741190e+02
   1.4914306e-02
   3.3176606e-01
   5.5244330e-01
   3.5895242e-01
   1.7674348e-01
   1.8155729e-01
   6.9549118e-02
   6.0163056e-02
   4.3250874e-02
   9.6950669e-02
   1.3296474e-01
   1.0399133e+00
   7.9566509e-02
   7.7615460e-02
   9.6901129e-02
   2.8240266e-02
   4.5781599e-02
   5.2824740e-02
   9.1981088e-02
   9.9405210e-02
   1.7188552e-01
   1.2265954e-01
   2.6229416e-02
   4.6640541e-01
   1.6979895e+00
   1.7563792e-01
   4.2702413e-01
   2.0946081e-02
   4.2679375e-02
   6.0968479e-02
   1.9483062e+01
   1.2902871e+01
   3.2645399e+01
   9.5466912e+01
   7.1615731e+01
   1.9341842e+02
   1.3051389e+02
   1.3000846e+02
   1.1237941e+02
   2.2013183e+02
   1.0267413e+02
   2.5275245e+02
   4.0119484e+01
   1.2348655e-04
   1.2860674e-01
   1.1525847e+02
   5.3272380e+01
   2.1161812e+01
   5.5316066e+01
   6.2144470e+01
   4.3168126e-02
   7.9347391e+01
   4.9094176e+01
   1.9776728e+03
   2.9502528e+03
   2.4251342e+03
   2.8538141e+03
   1.5554752e+03
   1.0985647e+03
   1.3886842e+03
   1.3460353e+02
   6.1036302e-02
   2.1366658e-02
   1.5672369e-01
   1.0567817e-01
   7.1598213e-02
   1.0103964e-01
   1.2061498e-02
   2.2446118e-03
   6.4238917e-02
   7.5967962e-02
   1.4718210e-01
   1.9035823e-02
   7.4949107e-02
   2.3086696e-02
   1.0917405e-02
   1.4572729e-02
   6.6455917e-02
   1.5099039e-01
   4.3694329e+01
   6.3812348e-01
   1.4102268e-01
   2.9299755e-01
   5.7515334e-01
   2.9700836e-01
   9.4430739e-02
   2.7940610e-02
   7.7399693e-02
   1.8843365e-02
   2.3235341e-02
   5.9269289e-02
   2.5719667e+01
   1.3295041e+01
   1.1051031e+02
   1.0274305e+03
   8.5388543e+02
   2.8417726e+02
   8.3930686e+01
   7.5499337e+01
   6.7376546e+01
   3.8741164e+01
   1.7058481e+01
   4.3566155e+01
   4.7518132e+01
   5.3497631e+01
   6.3658529e+01
   5.4418075e+01
   3.6337260e+01
   4.0948728e+01
   1.2268441e+02
   1.8179638e+02
   3.7202300e+01
   1.1238163e+03
   1.6530218e+03
   2.7558443e+03
   1.7125501e+03
   2.3039646e+03
   2.3194243e+03
   3.6655911e+03
   1.9874268e+03
   1.4103427e+03
   3.9296519e+02
   3.3953399e-02
   4.3280714e-03
   3.7940574e-01
   2.0300471e-01
   9.0675932e-01
   1.1276402e+02
   8.9782962e+01
   5.0988826e+02
   2.4253039e-03
   5.3227573e-02
   1.9700526e-02
   6.5274993e-02
   1.0491427e-01
   2.7751785e-02
   1.6658143e-01
   7.7500660e-02
   1.9182616e+01
   3.0987921e+00
   4.4087748e+00
   1.4347757e+01
   5.6755043e-02
   1.0465354e-01
   7.0997225e-02
   8.7491666e-03
   5.4501101e-02
   1.5716856e-02
   3.0447659e-01
   1.1834323e-01
   1.1907886e+00
   9.0480379e-02
   2.2601192e+01
   3.3241723e+01
   1.7130217e+02
   1.3770968e+03
   7.3543028e+02
   4.8350710e+02
   2.6833222e+02
   2.4429867e+02
   8.2481038e-03
   2.9793927e+00
   2.1768884e+01
   4.0539750e+01
   2.1463210e+01
   3.1326071e+02
   2.8075808e+02
   7.4308660e+01
   3.9237622e+01
   4.4023571e+01
   3.4041908e+02
   1.2212413e+03
   1.7066162e+03
   2.2985845e+02
   2.2690669e+03
   2.1889531e+02
   3.8351913e+02
   2.0873181e+03
   1.2492328e+03
   1.6202120e+03
   5.8249349e+03
   7.0524199e+02
   1.3888458e+03
   6.4163303e-02
   2.3771366e-02
   1.5560476e+02
   5.3016096e+01
   1.7489108e+02
   3.4966697e+02
   2.0369194e+02
   4.9177485e+01
   5.9979795e-02
   7.4719626e-03
   4.6017265e-02
   1.1015899e-01
   4.1133312e-01
   1.1238484e-01
   1.7141488e+02
   1.7715744e+02
   4.5840801e+01
   2.3990238e+01
   1.8213221e+01
   3.2690813e+01
   1.3059634e-01
   4.2997379e-02
   1.6651075e-01
   9.5994605e-03
   6.8479125e-02
   5.1557929e-02
   3.3708190e-02
   3.7974227e-01
   3.4538654e-02
   1.2684052e+01
   1.5016923e+01
   4.8674446e+01
   1.6076130e+02
   1.3502104e+02
   8.1215675e+00
   5.2857911e+01
   6.6784403e+01
   3.0180971e+01
   5.5506115e+01
   6.1784857e+00
   2.3626121e+01
   1.6767459e+01
   6.3429169e+01
   5.0374785e+02
   7.8711141e+01
   3.5214824e+01
   3.0121504e+01
   1.2063349e+02
   1.8827953e+02
   2.8770685e+02
   6.4654590e+01
   2.4030405e+02
   1.3621127e-01
   7.3082891e-03
   1.8706601e-01
   2.1328617e-02
   1.0948528e+04
   1.6517181e+03
   3.3250426e+02
   7.0986088e+02
   6.5951583e+00
   7.6024354e+00
   1.9110410e+02
   1.2147661e+02
   9.7457518e+01
   2.3876696e+01
   3.6575582e-02
   2.7135336e+02
   6.7681858e-03
   2.6689358e-02
   6.9039006e+01
   1.1131774e+02
   2.7409757e+02
   1.4902199e+02
   9.7108196e+01
   1.6570213e+02
   1.3308278e+02
   2.4582045e+02
   1.8101083e+01
   9.1548925e+01
   1.6709056e-05
   1.3129651e-02
   9.2841923e-02
   1.3750203e-02
   3.0783860e-02
   2.4972462e-01
   2.9945125e-01
   2.9897456e-05
   7.0783277e-02
   2.1682986e+01
   3.9038743e+00
   3.2454365e+00
   5.9102103e+00
   1.0586974e+01
   3.5016863e+01
   2.9130519e+01
   7.2303910e+01
   2.2139040e+01
   4.3056921e+01
   3.4162035e+01
   4.7298865e+01
   9.1588635e+00
   1.9917510e+01
   5.6719823e+02
   9.2447064e+01
   5.8351560e+01
   1.2468860e+01
   1.6180730e+01
   7.0428554e+00
   5.9202067e-02
   4.1542900e-01
   2.8056357e+02
   2.0347524e-04
   1.0162840e-01
   1.9031075e-01
   3.4365883e+03
   5.3278903e+03
   3.7230482e+03
   6.6945016e+02
   1.3191737e+03
   1.5819519e-01
   2.9367903e+01
   3.1819491e+01
   6.0459843e+01
   2.8177478e-03
   1.4980693e-02
   5.8729256e-02
   5.1678579e+02
   3.2499534e-07
   8.6819414e+01
   1.3752056e+02
   3.0390677e+02
   3.0445792e+02
   6.2575049e+02
   1.7388363e+02
   5.5491954e+02
   5.4698200e+02
   5.7466770e+02
   1.4772922e+02
   5.0070963e+01
   4.7743686e+01
   1.5608752e-02
   2.0040802e-01
   5.4246766e-02
   2.9408745e-01
   8.1681082e-02
   4.0283980e-01
   9.9718497e+01
   5.5173408e-02
   1.3013522e-01
   2.7708907e-02
   1.8821166e+00
   7.1184722e-01
   5.7265669e-02
   1.3216239e-01
   2.1995672e+01
   5.0364719e+00
   4.8372264e+01
   4.8717200e+01
   3.8786516e+01
   2.4252133e+01
   7.3979401e+02
   6.7388660e+01
   5.8806655e+01
   3.0619344e+01
   4.0168059e+01
   7.7350513e+01
   6.4092775e-02
   2.6692757e-02
   3.6035151e-01
   2.2268193e-01
   8.8243390e+02
   1.3522773e-04
   1.9772784e+00
   7.8453343e+02
   1.3901219e+03
   8.2365166e+02
   3.0285526e-02
   1.1824364e+03
   5.2666115e+02
   5.8267829e+02
   2.0497853e+02
   8.4045175e+01
   1.1656686e+02
   1.6226037e+01
   1.6135031e-05
   8.5092932e+01
   6.3440195e+02
   2.3473142e+02
   9.3839191e+01
   2.5704132e+02
   4.1694333e+03
   2.6898664e+03
   6.7357604e+02
   6.7779348e+02
   7.9326129e+02
   3.5277853e+02
   7.7865843e+01
   9.2042363e+01
   8.0950934e+00
   6.7216712e+00
   8.0303889e-04
   8.5550452e-02
   1.0109379e-01
   1.5147496e-01
   7.2080176e-01
   1.4756358e-01
   2.7631252e+02
   1.3438663e-01
   1.0116059e-01
   9.9388395e-02
   5.1825213e-02
   1.6728784e-02
   1.7160822e-01
   9.0460846e-02
   1.0681120e+01
   6.3351756e+00
   5.1882038e+01
   1.2914552e+02
   2.0426339e+01
   3.3615428e+01
   8.3969221e-02
   1.0355894e+00
   6.7099454e+01
   3.7003047e+01
   5.9853072e+01
   2.9725254e+02
   3.5020730e-02
   7.9346541e-02
   5.4723651e-02
   3.8775790e-01
   1.3035995e+03
   5.7799224e+02
   6.4048427e+03
   3.0373648e+03
   7.8903520e+02
   7.7185459e-02
   6.5704456e+01
   1.2673470e+02
   3.8177031e+02
   9.2524425e+02
   5.6641512e+02
   4.1561842e+02
   2.6838659e+02
   4.8509781e+01
   2.5141968e+01
   2.6352455e+01
   8.8062838e+01
   1.4571803e+02
   3.1245592e+01
   9.5053494e+01
   2.1131325e+02
   1.9317938e+02
   5.2220859e+02
   2.5482191e+02
   1.1990239e-02
   8.3883907e-04
   2.4742234e+01
   9.9764945e+01
   4.8772086e+01
   8.8807691e+01
   1.7992740e+01
   2.2658308e-01
   1.0764547e-01
   1.6948341e-01
   2.8422925e-01
   6.8555125e-02
   3.1157101e+03
   3.6457374e-03
   1.8877971e-02
   6.3319325e-02
   7.4044297e-02
   2.2580532e-01
   2.1632418e-01
   2.8980909e+01
   4.2831571e-01
   9.5685041e-01
   1.7522639e+02
   1.4508302e+02
   7.0715269e+01
   3.2902267e-02
   3.1186677e-02
   6.6038265e-02
   9.7853426e+01
   6.8882643e+01
   8.0298961e+00
   9.0129762e+02
   3.8203208e-07
   2.5178516e-02
   7.7771135e-03
   1.9646659e-01
   1.1415250e-01
   9.6290371e+02
   1.2704744e+03
   4.5268719e+03
   2.3088728e-03
   2.4756457e+02
   6.8570697e+01
   6.5073131e+01
   1.6968272e-02
   3.2318026e+02
   2.8500475e+02
   2.5944429e+02
   4.1196366e+02
   2.1007031e+02
   8.2683205e+01
   4.0247836e+02
   4.5624551e+01
   4.7801469e+02
   2.8640482e+02
   7.3478688e+01
   1.0654815e+02
   1.8913884e+02
   1.6690667e+02
   4.5706175e+01
   2.1098489e+02
   2.6889647e-02
   5.0803577e-02
   9.1906626e+01
   4.4556894e+01
   4.2899134e+01
   2.1373038e+01
   2.1664400e+01
   6.0990023e+01
   8.4391669e-02
   2.5422525e-02
   2.9571033e+02
   4.2276951e+02
   1.7431013e+02
   9.9526381e+00
   5.2998008e-02
   3.7837935e-02
   7.0819488e-02
   6.4018916e+01
   3.1296315e-04
   8.9144081e-02
   4.5920500e-01
   1.7892989e-02
   1.4241237e-02
   8.5219130e-02
   9.5074878e-02
   1.5389354e-02
   6.5737548e-02
   1.0442513e-02
   5.1832411e+02
   1.9458087e-01
   4.8533940e+00
   5.2320514e+02
   5.2898304e-02
   4.5082661e-02
   7.4477549e-03
   6.6801225e-02
   1.7364409e+03
   2.1697111e+03
   4.8644225e-03
   3.3304187e+02
   1.1730361e+02
   1.1029344e+02
   5.2459704e-02
   2.9936585e-02
   1.8202196e-01
   4.9311294e-01
   4.1179962e+02
   1.9004563e+02
   4.5417280e+02
   7.3848501e+02
   2.5031949e+03
   1.1804572e+03
   1.1014019e+03
   5.3918764e+02
   1.1117518e+02
   2.6935160e+02
   3.6278433e+01
   7.1373328e-03
   2.6291158e+01
   6.2150698e+01
   7.9998389e-03
   4.2740813e-02
   1.1459287e+02
   1.2071672e+01
   2.8650226e+01
   4.1999851e+01
   3.6421461e+01
   4.5544532e+01
   1.9145681e+01
   4.7150190e+01
   1.8794809e+02
   1.3390649e+02
   1.5283992e+02
   1.7249394e+01
   1.9755878e-04
   8.7020438e-03
   2.0316231e+01
   8.4266972e+00
   8.0095178e-02
   3.6704824e-01
   1.7853865e-02
   2.9132751e-01
   9.4708744e-02
   4.9793532e-02
   1.9583443e-01
   9.0774965e-02
   3.8114369e-03
   4.9259603e-02
   2.0508660e-02
   2.2540324e+01
   3.2707089e+02
   3.2795244e+02
   8.9624516e+02
   4.6035429e-01
   4.3753138e-02
   1.4206474e+03
   5.0025575e+03
   5.7175217e+03
   2.8266020e+01
   1.6298962e+02
   1.2861695e+02
   1.0267724e-01
   1.8762633e-01
   3.2923091e-02
   6.4177425e-01
   1.0021257e-01
   1.1915968e-02
   8.5443177e-02
   1.5779161e-01
   5.0740160e+02
   1.0975188e+03
   4.0014888e+02
   1.0233706e+03
   5.8001066e+02
   3.9133965e+02
   5.7752593e+02
   2.7315290e-02
   1.1383763e-01
   3.8634669e-03
   7.3630051e+01
   1.6148430e+00
   2.7596468e-02
   3.0344615e-01
   1.6101253e+02
   3.5269892e+01
   4.0792093e+01
   6.8920513e+00
   3.6762245e+01
   2.1656388e+01
   1.2545062e+02
   6.5851539e+01
   3.3657700e+02
   1.0636212e+02
   2.5769436e+01
   4.1934895e+01
   7.4537094e+01
   4.6930596e+01
   3.0759128e-02
   1.4104050e-01
   5.2716493e-02
   9.7346645e-02
   2.5095706e-01
   1.0482516e-01
   3.0646332e-01
   8.0848592e-02
   8.7284195e-02
   2.3695348e-01
   1.9679849e-02
   2.0618150e-01
   1.6502451e+01
   8.3479636e+01
   4.9319217e+02
   4.1730111e+02
   1.1960010e+02
   1.1878262e+03
   1.7150410e+03
   4.4417515e+03
   2.8558294e+02
   7.5092613e+01
   2.1824276e+02
   1.8111664e-02
   1.9349535e-02
   6.9623501e-02
   8.2387664e-02
   3.0877388e-01
   1.2662825e-01
   5.6922272e-02
   1.5856682e-01
   1.8477968e-01
   1.0756170e-01
   1.0713624e-01
   1.2871846e+02
   5.0743711e+02
   9.4860602e-04
   2.2026282e-01
   1.1740860e+03
   7.4159014e+02
   3.7170244e-03
   2.7332332e-02
   1.4714705e-01
   3.7533162e+00
   7.6814518e-04
   3.4096790e+01
   2.0281581e+01
   1.1788466e+01
   7.5828078e+01
   1.2101685e+02
   4.0758016e+01
   9.5859601e+01
   4.7245055e+01
   1.0150600e+02
   9.8822062e+02
   2.9051519e+02
   1.1094012e+02
   2.4688236e+01
   3.8353449e+01
   9.5757717e-04
   3.2357247e-01
   6.1047260e-02
   3.0892225e-02
   1.7703346e-02
   3.1312180e-01
   3.4831371e-02
   1.6582743e-01
   1.0222722e-01
   5.1143455e-02
   2.4042271e-01
   2.9280824e-02
   1.2513088e-01
   4.5158603e-01
   1.4199811e+02
   1.6118700e+02
   1.4471896e+02
   3.9130414e+02
   1.3990053e+03
   6.6755648e+02
   1.0112769e-04
   1.9475938e+02
   2.0770039e+02
   8.6330475e-03
   1.0752338e-02
   5.3369643e-02
   4.0355092e+02
   1.9669738e-01
   2.7866213e-01
   6.3048285e-03
   2.2699756e-02
   4.0325452e-02
   7.6269490e-02
   2.4721829e-02
   1.1675100e-01
   4.6178149e+01
   5.1867478e+00
   5.4400729e-01
   2.1884047e-01
   5.9465781e-01
   8.1355903e+02
   3.0360691e+02
   6.0957367e-04
   8.6937325e-03
   3.5815548e+01
   1.6529208e+01
   2.1183475e+01
   1.0916206e+03
   6.4539438e+02
   1.7503707e+02
   2.8669736e+02
   1.2240000e+02
   1.2642334e+02
   9.9180663e+01
   6.6164599e+01
   2.5085282e-05
   2.9247169e-02
   3.6436217e+02
   1.2706821e+02
   1.0112570e+02
   4.9068582e-02
   3.7411492e-01
   9.7949315e-03
   1.9562993e-02
   1.0778492e-01
   3.3084647e-02
   5.9439801e-02
   1.0386703e-01
   4.9417510e-02
   1.1742552e-01
   2.3824414e-02
   5.4649962e-02
   5.5225546e-01
   8.4986338e-02
   6.8776806e+02
   8.1787494e+02
   7.2928002e+02
   1.8255017e+03
   1.6272677e+03
   6.5496942e+02
   2.5086060e+02
   1.1079555e-01
   4.9586175e-03
   3.4118874e-02
   3.4363886e-02
   3.4943387e+02
   1.1311118e+02
   9.4635912e+01
   3.8226624e-02
   2.6887076e-02
   1.2476991e-02
   6.7001575e-02
   2.9247138e-01
   5.8270877e-01
   1.3882161e+01
   1.2942344e+01
   1.7607351e-01
   1.8538783e-01
   2.5614304e-01
   1.2528307e-01
   8.7599137e+02
   1.8148450e+02
   4.1109628e+02
   1.6876566e+02
   6.7129167e+02
   1.5470923e+01
   7.8230352e+01
   9.3705033e+01
   2.9059557e+01
   1.7137252e-02
   1.8269564e-02
   2.0005796e-02
   3.9990767e+01
   7.3202078e+01
   6.8335474e+01
   1.0465356e-01
   2.4548729e-02
   6.4756913e-01
   7.3703561e-02
   4.7314967e+02
   2.4867811e-04
   8.3029183e-03
   3.8626799e-02
   1.2535893e-03
   1.9313279e-01
   2.8767812e-02
   6.5303272e-02
   3.5521483e-02
   2.6784783e-01
   3.4327658e-01
   1.0861335e-01
   1.0917880e-01
   1.9259197e+02
   2.2473753e+01
   9.3444891e+00
   3.5888649e+02
   1.1409858e+02
   1.6538305e+02
   7.4294529e+02
   1.5316520e+03
   6.7114999e+02
   3.3584760e-02
   1.8696357e-01
   2.0028562e-01
   2.5680606e+02
   3.8797055e+02
   3.7839830e-03
   1.1563986e+02
   1.5881947e-04
   1.7219338e-01
   3.0631083e-02
   8.2542090e-02
   8.6052989e-01
   2.5908042e-01
   2.9197241e+02
   3.3280779e+01
   2.2179351e-01
   3.2506814e-02
   9.1108026e-02
   2.5033531e-02
   1.1739108e-01
   1.4026415e+02
   2.4709756e+02
   2.0647380e+02
   1.1272763e+03
   3.3394983e+02
   1.1655889e+02
   2.4021430e-03
   6.1539095e-04
   6.3134427e-02
   5.6625791e-02
   2.3173871e-02
   3.0863464e+01
   2.8978418e+01
   8.8985126e+00
   1.0730863e-01
   7.5780782e-02
   1.0220520e-01
   7.0876266e-02
   3.8815930e+02
   5.6813741e+01
   6.8765407e-03
   1.3793214e-02
   3.0992881e-02
   2.2061828e-01
   1.4999532e-01
   3.7385236e-02
   2.1319462e-01
   2.8210998e-01
   6.8725458e-02
   4.9886514e-02
   4.0990523e+01
   2.5895889e+01
   3.2693855e+01
   7.0454798e-02
   1.4488636e-01
   6.4544338e+01
   1.6333436e+01
   2.6359174e-02
   2.1313071e+03
   2.0955780e+03
   1.9861577e+02
   3.8354044e+01
   4.0925399e+01
   2.4160875e+02
   5.5064082e-03
   1.0524595e-01
   4.0812403e-02
   8.5831247e+02
   2.0767256e-02
   5.6695261e-02
   1.8505886e-01
   1.6473325e-01
   1.6796038e+02
   3.0877145e+02
   3.5145245e-02
   4.9094053e-02
   7.9116131e-02
   4.7986747e-02
   1.3639931e-01
   2.6846400e-02
   2.7328919e-02
   7.4660511e+02
   5.0188936e+02
   1.6529778e+02
   3.4632465e-04
   1.8307417e-03
   3.7322782e-02
   4.5806240e-03
   1.7029766e-01
   5.0103257e-02
   9.4840131e-03
   2.3655435e-01
   1.7426237e+00
   5.4282267e+01
   5.5067815e-02
   6.0655903e-02
   4.1186236e-02
   2.3897855e-02
   1.1733739e-01
   8.0161502e+02
   4.7093055e-03
   6.5726948e-02
   7.4695874e-02
   3.5672180e-02
   6.6092034e-03
   1.0319030e-01
   1.2066652e+00
   1.6208683e+03
   1.7186831e+03
   1.6377845e+02
   3.9744348e+01
   2.0209449e-03
   2.2285733e-02
   3.6439873e-02
   1.6493781e-01
   3.4845441e-02
   1.5461180e-01
   2.9049839e-01
   3.1121704e-02
   4.9817557e+02
   2.6698138e+02
   2.2620901e+02
   4.6141962e+02
   4.3175568e-04
   3.4722912e-01
   2.0256897e-02
   5.8368159e-02
   1.8439277e-02
   7.2046438e+02
   3.4555740e-01
   9.8901630e-02
   2.6525413e-02
   2.7778114e+02
   6.2626499e+01
   8.8854141e-01
   6.3513457e-01
   1.2364885e-01
   2.8744170e-02
   4.4348785e-02
   1.5344770e-02
   3.3334657e-02
   1.1558803e+03
   7.2521159e+02
   3.4271130e+02
   3.8320124e-02
   1.2108598e-01
   1.5944637e-01
   3.4730075e-02
   3.0008380e-02
   1.2900090e-02
   1.1184670e-01
   2.7176162e-01
   1.4877744e+00
   1.0969720e+02
   2.2919827e-02
   2.2844818e-02
   3.0431909e-01
   8.4355088e-02
   9.5944010e-02
   1.7659379e+03
   1.3209296e+02
   1.7440049e-01
   1.4722663e-02
   9.5524370e-02
   3.6885938e-02
   7.9408375e-02
   2.6831241e+03
   2.4506045e+03
   2.5047325e+03
   7.9084416e+02
   6.5022419e-03
   7.4371502e-02
   4.6548858e-02
   1.0474846e-01
   1.9345995e-02
   2.6270059e-02
   2.8835160e-02
   6.0741957e-01
   5.3870122e-01
   4.8786148e-01
   4.0526909e+02
   1.7244448e+02
   1.5777308e+03
   2.1259247e-02
   2.1680277e+00
   1.6840288e-01
   2.0300746e-01
   6.8410782e-01
   9.9797354e-02
   3.1168973e-03
   5.9590144e-02
   2.2638303e+02
   1.0343594e+02
   5.1737868e-02
   1.2724519e+00
   9.5473713e-01
   6.2501877e-02
   8.6434438e-03
   5.8850613e-02
   1.3305097e-02
   3.1483948e-02
   8.3374324e-02
   8.6426438e-03
   4.5394903e-02
   3.5946569e-01
   6.2337470e-02
   6.6554100e-02
   2.1623521e-02
   1.7477494e-01
   9.3309434e-02
   1.8077403e-01
   4.3645125e+02
   1.3100808e+02
   1.1046644e-03
   8.1609943e-02
   4.8948930e-02
   1.0934891e-01
   2.9936253e-01
   9.7879365e-02
   2.7523781e-02
   5.0571718e+02
   8.1144512e+01
   2.8953640e+01
   1.2400349e-01
   1.0304251e+02
   2.2662368e+03
   1.2192927e+03
   1.5295211e+03
   9.4590198e+02
   4.9868978e+03
   1.3910280e-02
   2.5318748e-02
   5.6249410e-02
   8.4311318e-02
   5.8336190e-02
   1.6750138e-02
   2.6613326e-02
   6.8630217e-02
   8.8409383e-01
   1.1061366e-01
   1.8707483e-01
   2.8502852e-02
   4.5001897e-01
   6.3905806e-03
   5.4005331e-02
   6.9859729e-02
   4.9795753e-01
   7.0119351e-02
   2.3681502e-01
   7.3377087e+02
   1.2443320e+03
   1.3268117e+03
   7.0148748e+02
   7.0613771e-02
   5.3187893e-01
   2.4801267e-01
   3.0207828e-02
   3.2022700e-02
   5.9528268e-02
   4.6887133e-02
   1.2942253e-02
   1.8678485e-02
   4.0448805e-02
   1.8286270e-02
   7.0524713e-02
   5.0067408e-02
   4.0664599e-01
   3.6193450e-02
   3.4780358e-01
   3.4784721e-01
   7.9156101e-01
   8.8417169e-02
   2.4507860e-01
   2.3486149e-02
   1.3254468e-02
   4.4708330e-02
   1.3051939e-01
   1.5810726e-01
   1.2139200e-01
   4.1706135e-02
   4.1950936e+01
   2.6375328e+02
   2.3325101e+02
   1.2253361e+02
   1.1450291e+02
   5.7887713e+02
   1.7513863e+03
   8.4707776e+02
   2.8901272e-01
   1.1539245e+03
   1.0590930e-01
   4.4359657e-02
   2.6545690e-02
   5.7135784e-03
   4.0504620e-03
   4.2533027e-02
   7.1522973e-02
   9.8715311e-02
   1.0766267e-01
   4.1821972e-02
   2.0860852e-02
   2.4631866e-01
   4.5890157e-01
   5.1756445e-02
   6.3392675e-02
   7.3495036e-02
   3.6106031e-01
   9.3071120e-01
   1.3418442e-01
   1.0205688e-01
   1.0594356e-01
   7.0721070e+02
   5.8878089e-01
   3.6121930e-01
   2.3748211e-01
   2.9961365e-02
   5.1719089e-02
   2.6858288e-01
   2.0942295e-01
   3.6625057e-01
   5.8875006e-02
   8.0312375e-02
   2.6293832e-02
   1.4182328e-02
   1.0721151e-01
   2.6463319e-01
   2.2831335e-01
   3.5137463e-01
   4.9773666e-01
   2.0525958e+00
   7.3716377e-01
   2.9106318e-01
   1.0163076e+00
   3.8054037e-01
   1.0548630e-02
   1.2523168e-01
   1.4677659e-02
   8.6040397e-02
   9.3157555e-02
   4.9341204e-02
   5.6611861e-02
   2.2069839e+02
   5.5657363e+01
   8.8564000e+01
   8.8974159e+01
   5.1262030e+01
   5.6629796e+01
   2.0711903e-01
   1.4974747e+00
   6.7222626e+02
   4.4047319e-01
   1.1140498e-01
   5.7605174e-02
   2.3865310e-02
   8.5054914e-03
   9.5573912e-02
   6.2724337e-03
   4.8886313e-02
   2.8392166e-01
   9.7440998e-01
   1.3534173e-01
   1.3776327e-01
   1.0743095e-01
   1.4809608e-01
   3.8830616e-01
   4.1919578e-01
   1.7315570e-01
   1.2511040e-02
   4.8342382e-02
   5.1003942e-02
   2.1391571e-01
   3.1185484e-01
   6.7265182e-02
   3.1593511e-01
   1.0019622e-01
   5.4041108e-02
   1.9425179e-01
   1.2736969e-01
   2.1058281e-01
   6.8711261e-02
   1.9450417e-02
   2.6659980e-02
   8.7630921e-02
   1.3425949e-02
   4.3066284e-02
   1.7377391e-01
   2.6779027e-02
   9.4593022e-02
   1.1803525e-01
   2.5005850e-01
   5.2895288e-01
   1.2603377e-01
   6.6474339e-02
   5.6308712e-02
   3.2483008e-01
   1.2434514e-02
   5.4487267e-02
   1.8105597e-01
   7.6625996e-03
   5.3265038e-02
   9.1524570e-02
   2.5030636e-01
   1.0424341e+00
   2.7055399e-01
   3.1135584e-01
   4.2654517e-02
   1.8824443e-02
   8.7751682e-01
   7.5102529e-01
   6.3955658e+02
   8.6176877e-01
   2.0207747e-02
   1.5632806e-01
   7.6874634e-02
   4.0591312e-02
   1.4339630e-01
   7.8299283e-03
   2.5214554e-02
   1.9968917e-01
   1.9373153e-02
   2.6520813e-02
   5.3414803e-02
   1.6893243e-01
   3.7128161e-02
   1.2809628e-02
   1.0579174e-01
   1.5721628e-01
   1.0420006e-02
   2.3738038e-02
   2.2525240e-01
   8.5268954e-03
   4.4059362e-01
   2.0949895e-01
   7.7323533e-01
   3.5930666e-02
   1.1914130e-01
   2.2337761e-02
   1.7021641e-02
   6.4634856e-02
   1.5975661e-01
   4.3265936e-02
   5.7086687e-02
   1.2863660e-02
   2.7588651e-02
   5.5728490e-02
   6.5079777e-02
   1.6055672e-02
   1.5757630e-01
   6.7805902e-02
   1.4460677e-01
   3.3927252e-02
   4.5754608e-02
   1.7874490e-01
   1.6230443e-02
   5.3957606e-02
   6.2496199e-02
   2.2290767e-01
   7.8017326e-01
   3.6069642e-02
   1.7154140e-01
   1.1798909e-02
   1.0754101e-02
   4.2636308e-02
   8.8590453e-02
   6.1893630e-02
   1.9294263e-01
   5.7977059e-02
   1.8528040e-01
   1.9939549e-01
   4.2433994e+02
   7.0616027e-02
   4.9172942e-01
   2.8019078e-01
   2.8022329e-02
   5.1409918e-02
   2.1004993e-02
   1.9697199e-01
   4.0388453e-01
   5.1067442e-02
   1.8678548e-01
   2.1200130e-02
   2.1259726e-01
   2.2388370e-02
   1.2171981e-02
   3.7443026e-02
   7.3872592e-02
   1.6169230e-02
   1.9519948e-02
   5.2136428e-02
   1.0796251e-02
   1.2417700e-01
   6.2047057e-01
   8.2307657e-02
   3.0348869e-02
   5.3774024e-02
   1.1380717e-02
   2.9800925e-02
   3.7165428e-02
   4.0070580e-01
   6.4400158e-02
   5.5737347e-02
   6.8621045e-02
   2.3034034e-02
   5.9043250e-02
   2.3466219e-01
   7.9260711e-02
   1.4640910e-02
   7.2041299e-02
   1.2412319e-01
   1.5454695e-02
   2.9567832e-02
   1.0543956e-02
   2.0157253e-02
   1.0564759e-01
   8.8834784e-02
   5.9020608e-02
   2.0246168e-01
   2.6535259e-01
   2.7192212e-01
   3.1165854e-02
   4.3613689e-02
   1.0989871e-01
   2.8651547e-02
   7.0210988e-02
   3.0684728e-02
   5.7655779e-02
   2.2976602e-01
   1.9754200e-01
   2.0222443e-01
   1.1064521e+03
   6.0559936e-02
   7.7834632e-01
   9.6413270e-02
   1.0477193e-01
   1.0975825e+00
   1.1275025e-01
   2.0359900e-01
   5.5306265e-01
   2.6165300e-01
   2.2371767e-02
   6.0127871e-02
   2.0516769e-01
   7.1992207e-02
   1.9680669e-02
   2.7239723e-02
   1.6830690e-01
   3.6879513e-02
   5.4745447e-03
   3.7816669e-02
   7.3611684e-02
   2.9138609e-02
   6.2336603e-02
   6.4272620e-03
   9.6415943e-03
   9.3655240e-02
   5.9048580e-03
   1.2312781e-01
   2.0478891e-02
   2.3122356e-01
   1.0227102e-01
   3.3832748e-02
   1.2944170e-01
   1.0462975e-01
   5.4048729e-02
   1.0245102e-01
   5.6010234e-03
   4.9227819e-02
   2.2976618e-02
   9.5714511e-02
   1.0086764e-01
   3.7192397e-02
   1.2205678e-02
   5.6412576e-02
   9.4370127e-02
   2.2454258e-01
   3.3595051e-02
   3.9054141e-02
   5.2683005e-02
   2.1685286e-02
   3.8650074e-02
   7.2160704e-02
   2.7715777e-01
   1.6924811e-01
   9.9257804e-03
   1.0116882e-02
   3.6686944e-02
   1.3092444e-01
   2.7721495e-02
   1.4777273e+00
   2.7246262e-01
   5.6744210e-03
   3.2568889e-01
   4.4247681e-02
   1.7747626e-01
   1.7787202e-02
   2.2767034e-02
   1.2851222e-02
   3.9030026e-02
   1.9270581e-01
   2.9818567e-02
   2.2210096e-01
   1.8869927e-01
   2.2049447e-02
   1.1439283e-02
   9.4822850e-03
   5.0234361e-02
   6.1369434e-02
   2.7217328e-03
   4.3844718e-02
   1.2278953e-01
   3.1508625e-02
   2.6575316e-02
   7.7507382e-02
   2.4607080e-01
   1.0592727e-01
   4.8313218e-02
   1.3748327e-01
   2.9052002e-02
   1.1369065e-02
   6.9703883e-02
   2.6904887e-02
   3.1244239e-02
   3.6644445e-02
   1.8364246e-01
   2.9103636e-02
   7.3671297e-02
   1.5141677e-03
   1.5279797e-02
   1.3217377e-01
   8.9017273e-02
   9.7600319e-02
   2.8884177e-02
   7.8702702e-03
   3.2936611e-02
   4.4379562e-02
   3.8147210e-02
   3.2406620e-02
   3.4469319e-02
   3.3819976e-02
   3.2907299e-02
   5.3204381e-02
   3.2473299e-01
   2.0472455e-02
   1.4734825e-02
   4.8389431e-02
   3.6758517e-02
   6.6771184e-02
   7.5646511e-01
   4.6764113e-01
   3.8362756e-01
   3.5154843e-02
   4.8421034e-02
   1.1595682e-01
   9.8178744e-02
   4.1732442e-02
   2.2717285e-01
   1.7184756e-01
   5.3735987e-02
   2.5985593e-02
   1.5854265e-01
   7.8063215e-02
   1.4471173e-01
   2.8549203e-02
   8.4602345e-02
   1.1894162e-02
   8.9391770e-02
   2.5202808e-02
   2.9618904e-03
   6.7147263e-02
   9.6220163e-01
   2.9853818e-01
   4.0592847e-01
   1.9531883e-01
   6.7484898e-02
   1.0529149e-01
   2.1633515e-01
   1.3995072e-01
   2.6096213e-01
   3.6284662e-02
   3.7721473e-02
   2.2770051e-02
   1.7946794e-02
   8.6602276e-02
   3.8634568e-02
   8.9481713e-02
   1.4728201e-01
   1.4987465e-02
   6.2883307e-03
   3.6948948e-02
   1.5277278e-02
   3.1735048e-01
   1.6545667e-01
   6.9582447e-02
   1.1405143e-02
   4.4631594e-02
   1.4388933e-01
   4.9164247e-02
   2.7455609e-01
   1.2472339e-01
   1.0331281e-01
   3.8954615e-02
   2.7802255e-01
   2.7807407e-02
   2.6543731e-02
   2.1449377e-01
   1.9626214e-02
   2.1574850e-02
   1.5333270e-01
   7.3524500e-01
   1.7412428e-01
   1.3082196e-01
   5.9845552e-02
   2.0322469e-01
   7.5072951e-02
   1.3192335e-01
   3.3778449e-01
   2.6530406e-02
   1.2409179e-01
   3.4411665e-03
   6.6411217e-03
   9.9350354e-02
   1.2786187e-01
   1.1499430e-01
   2.7164203e-02
   6.9486260e-02
   9.1981271e-02
   7.1722987e-02
   3.2324461e-02
   2.0973024e-01
   7.7072228e-02
   1.7655949e-01
   1.0868561e-01
   4.9517326e-01
   2.6684458e-01
   4.0219039e-01
   3.1278139e-01
   1.5196429e-01
   1.3775593e-01
   1.1786355e-01
   1.5478133e-01
   1.8003718e-02
   3.8049284e-02
   2.6725359e-02
   2.6374505e-01
   1.6701585e-01
   1.1789530e-02
   5.7128898e-02
   3.2022358e-02
   1.7196850e-02
   1.5561215e-02
   1.6592702e-02
   1.5052836e-02
   4.3874877e-02
   3.2405428e-02
