   1.9677239e-02
   9.3917405e-02
   3.0562995e-01
   1.4018500e-01
   3.6932520e-02
   2.9547330e-02
   1.7939034e-02
   6.5680478e-02
   1.0241342e-01
   7.3390260e-02
   1.0166479e-01
   7.7353265e-02
   6.1815664e-02
   6.3053310e-02
   1.3506583e-01
   6.0798768e-02
   4.8059576e-02
   4.3901340e-02
   7.5235592e-02
   1.1668243e-01
   1.4329560e-01
   6.9161361e-02
   3.9436157e-02
   9.0222531e-02
   1.4281326e-01
   3.5311061e-01
   1.5919239e-01
   1.5685716e-01
   7.6357677e+00
   3.6534069e+01
   4.5724304e+01
   1.7382614e-01
   1.6567696e+03
   6.8573839e+02
   3.2764150e+02
   5.7242844e-02
   1.1263502e-01
   8.7134700e-01
   1.0850794e+00
   4.3319635e-02
   1.2011188e-01
   2.1444174e-01
   1.0274428e-01
   6.1021456e-02
   9.0184525e-02
   3.8357272e-01
   1.7456293e-01
   3.0148676e-02
   7.8329510e-02
   5.0546426e-02
   6.4525453e-02
   3.8610554e+01
   8.0128898e+01
   3.1523098e+01
   1.9707037e-01
   9.4200284e+01
   2.5050165e+01
   1.0564551e+01
   3.1318804e+00
   5.4723994e+01
   8.7172653e-02
   1.5283663e-01
   9.4727759e-02
   1.9117833e-01
   2.1361772e-01
   3.7427549e-02
   3.3425680e-02
   1.5193200e-02
   3.2478841e-02
   5.3804657e-02
   9.7487999e-02
   6.6484048e-02
   3.3787766e-01
   2.7567617e-02
   1.4417542e-01
   2.8260804e-02
   4.8271294e-02
   1.9191560e-02
   1.7889153e-02
   8.0577256e-02
   1.3856103e-02
   9.2016338e-02
   6.5092194e-02
   2.3772808e-01
   7.4579770e-02
   1.5140321e-01
   1.2032855e-01
   1.5064786e+00
   1.6392558e+01
   6.1265166e+01
   1.1068285e+02
   1.9244306e+02
   4.7828303e+02
   3.8781624e+02
   4.0039658e+02
   6.7663817e+02
   1.9740689e-01
   2.8489324e-01
   1.2831143e-01
   1.1265680e-01
   5.5841484e-02
   3.7246365e+02
   3.8578432e+02
   3.2440826e+02
   2.4637582e-02
   1.9511888e-01
   1.0092367e-01
   1.0474926e-01
   3.7209383e-02
   3.7238171e-02
   7.3664184e-03
   1.3479620e+02
   6.9745901e+01
   2.9955643e+02
   7.0646773e+02
   5.3607147e+02
   3.7258144e+02
   8.1190899e+02
   9.0263024e+02
   9.7843643e+02
   1.7743089e-02
   3.1660733e-02
   2.6704720e-02
   2.8565075e-02
   3.2244638e-02
   2.9691144e-02
   9.9270280e-02
   2.2893596e-02
   6.9075447e-02
   4.4416120e-01
   8.1574654e-02
   9.4523988e-02
   7.2946168e-02
   8.6059395e-02
   1.5620360e-02
   6.6763016e-02
   1.1340272e-01
   1.0034121e-01
   5.7593392e-02
   2.3682034e-02
   1.0956690e-01
   1.0621420e-01
   7.7986434e-02
   4.2782492e-02
   1.2972970e-01
   2.0915850e-01
   1.1737571e-01
   1.5291844e+01
   3.1954586e+01
   6.3373012e+01
   7.7172903e+01
   1.4990194e+02
   9.0381700e+02
   6.6967719e+02
   2.9773498e+02
   3.1800268e+02
   1.7242818e+02
   1.6963188e-01
   1.2882626e-01
   2.4649743e-01
   8.8775743e+01
   1.2945900e+02
   2.6377507e+02
   2.4838141e+02
   9.7514234e+01
   1.4906539e-01
   1.1564228e-01
   8.8871526e-02
   1.3604579e-02
   5.3776475e-02
   4.2035287e+02
   6.0055927e+02
   8.8156133e+02
   2.4969658e+02
   1.1666242e+02
   2.6168818e+02
   3.8417719e+02
   9.3295189e+02
   1.0230168e+03
   6.5263227e+02
   5.0466887e-02
   5.2356318e-02
   7.8444998e-02
   5.1824279e-02
   5.0041999e-02
   1.8814245e-02
   2.6878740e-01
   1.5050472e-01
   2.2767780e-02
   1.1830222e-02
   2.0419508e-02
   3.3423527e-02
   2.4076745e-01
   1.4404990e-01
   7.7116933e-02
   2.7144157e-02
   2.0022731e-02
   9.9582984e-02
   1.3352234e-01
   1.2114243e-01
   7.6226992e-02
   4.9286013e-02
   3.7773707e-02
   3.3020266e-02
   1.1173483e-01
   2.6430711e-02
   1.9832652e-02
   4.2941839e+01
   1.5749521e+02
   1.5431110e+02
   1.4447241e+02
   1.7617893e+02
   1.7387514e+02
   2.3914985e+02
   8.9260681e+01
   4.8682199e+01
   5.9244391e+02
   1.8083301e-01
   3.4276325e-02
   6.0191928e+02
   6.2662704e+02
   1.9613187e+02
   1.5040737e-02
   1.7975877e-02
   2.0822988e+02
   1.2167059e-01
   1.6269861e-01
   7.6606317e-02
   1.9709073e-02
   1.5013834e+02
   4.1627759e+02
   3.9402668e+02
   1.0501647e+03
   9.1789857e+02
   6.5116350e+02
   4.0271071e+02
   3.8485949e+02
   3.1830895e+02
   2.5856707e+02
   8.3324893e+01
   4.9974845e-02
   5.2564552e-02
   1.3087266e-01
   1.0121153e-01
   5.8465167e-02
   6.1472540e-02
   3.3247080e-02
   5.5031142e-02
   2.8466836e-02
   3.0499938e-02
   7.3883039e-02
   3.1813909e-02
   7.3104700e-02
   1.9962217e-01
   2.4284157e-01
   1.2916586e-01
   9.6401982e-02
   5.5759744e-02
   1.1030538e-01
   2.3415391e-02
   3.8497313e-02
   7.1810132e-02
   3.3878036e-02
   1.3943106e-01
   6.5517070e-02
   6.6705368e-02
   3.2839164e+01
   1.3479884e+02
   1.7279338e+02
   1.6371328e+02
   7.2441748e+01
   1.0115953e+01
   5.9124342e+00
   4.5971678e+01
   3.7741937e+01
   4.2044807e+01
   6.0321721e+01
   1.3734369e+02
   4.2353211e+02
   9.2328425e+02
   6.2308894e+02
   2.6584726e+02
   2.9160580e-02
   1.0705604e-02
   3.3216877e-02
   1.1396582e+02
   7.0926255e+01
   8.2888956e+01
   1.4838948e+02
   1.2834202e+02
   1.5565468e+02
   1.4272443e+02
   2.5549490e+02
   4.0367642e+03
   2.8477952e+03
   3.9363256e+01
   1.5861692e+02
   2.1628534e+02
   1.5134304e+02
   3.9283227e+02
   2.8014360e-02
   7.1893335e-02
   3.1930091e-01
   4.7822374e-02
   4.7331676e-02
   2.4839260e-02
   3.0888769e-02
   4.4794027e-02
   3.3135076e-02
   3.5476139e-02
   1.0725376e-01
   6.9947113e-02
   7.2236088e-01
   9.7640205e-01
   3.3681280e-01
   3.3010275e-01
   1.9708808e-01
   9.4911019e-02
   6.3939119e-02
   3.6753363e-02
   6.1112666e-02
   8.7357616e-02
   2.6060079e+01
   2.3016403e+01
   4.0556504e-02
   7.1186404e+01
   6.7549472e+01
   2.4279711e+01
   3.1589496e+01
   4.1078529e+01
   2.5046173e+02
   4.2671721e+02
   8.1911994e+01
   7.4856255e+00
   1.2383096e-01
   4.5315205e-02
   1.5169042e+01
   2.0802259e+02
   2.9999018e+02
   6.6878422e+02
   3.2806114e+01
   1.2069675e+02
   8.9102328e-02
   1.1511071e-01
   5.3491773e-02
   4.5679761e+02
   3.0286458e+02
   1.4088679e+03
   4.8002178e+03
   3.7485873e+03
   3.6335701e+03
   1.3573903e+03
   3.3252093e+03
   5.7153389e+03
   3.0995227e+03
   7.2939319e+02
   3.2515547e+02
   4.3040780e+02
   5.3621620e+02
   9.0227923e+02
   4.9907691e-02
   4.1478088e-02
   1.5168698e-01
   3.7339185e+01
   9.5913103e+01
   1.7060320e+02
   9.8910165e-03
   3.1016024e-02
   9.2108502e-02
   2.3761517e-01
   4.5459128e-01
   2.7787804e-01
   1.0315568e-01
   7.7793782e-02
   5.6368407e-02
   8.6635666e-02
   7.4107178e-02
   5.6421047e-02
   9.0229668e-03
   4.5594779e-02
   2.5566136e+01
   7.8020430e+00
   9.6220758e+00
   2.1133708e+01
   9.6278882e+01
   3.4360993e+02
   2.4142588e+02
   8.3837284e+01
   5.2382297e+01
   1.1057498e+02
   9.7543434e+01
   2.5269528e+02
   1.6073532e+02
   6.9320242e+01
   8.7112401e+00
   1.5632699e-01
   6.8153126e-02
   3.6234243e+01
   7.0651340e+01
   4.1222448e+01
   2.2095204e+01
   9.9967917e+01
   1.5591410e+01
   4.1513341e+01
   5.1584787e+02
   1.1318609e+03
   1.0328250e+03
   1.1751052e+03
   9.3780307e+02
   8.7713282e+02
   1.1687467e+03
   1.4041929e+03
   1.9134090e+03
   1.7606558e+03
   1.5896506e+03
   1.5197698e+03
   1.9968771e+02
   1.0719321e+02
   9.5481683e+01
   5.3956121e+01
   8.7080099e-02
   3.3287635e-02
   4.8212412e+02
   3.9076898e+02
   4.6705387e+02
   2.7973227e+02
   2.5557114e+02
   3.9842996e+02
   1.1798464e+02
   3.6915174e+01
   9.4498977e+00
   2.0173200e-01
   2.3009978e-01
   4.3106394e-01
   3.9660385e-01
   6.5858937e-01
   5.6662244e-01
   1.4569746e-01
   1.3972531e-01
   1.9871687e+01
   1.6463873e+01
   2.7870459e+01
   6.7100775e+01
   4.9937850e+01
   5.4941907e+02
   2.2599417e+02
   1.2880183e+02
   1.8131742e+02
   9.1320972e+01
   4.0290333e+02
   1.4599660e+02
   9.6109629e+01
   1.2053265e+02
   1.6636464e+02
   2.5000943e+02
   1.3464285e-01
   7.7475370e-01
   4.2470057e-01
   1.4728404e+02
   1.8297874e+02
   1.5493183e+02
   1.9712791e+02
   5.0766933e+02
   2.9908111e+02
   9.2825033e+03
   1.8905094e+03
   2.0706870e+03
   1.2936050e+03
   1.8462009e+03
   5.9000924e+02
   7.8973929e+02
   1.2203325e+03
   1.2702040e+03
   1.2885015e+03
   6.0357218e+02
   5.4859410e+02
   3.1922130e+02
   2.3975747e+02
   2.1302117e+02
   5.5827764e+02
   1.4356598e+03
   3.1594915e+02
   3.2689537e+02
   2.3755940e+02
   7.5243443e+01
   2.5218527e-01
   2.0159492e+02
   2.7509575e+02
   1.2962709e+02
   8.6286286e+01
   1.2997981e+02
   5.0775805e+01
   7.1663143e-01
   3.8958672e-01
   3.3273549e-01
   1.3839121e-01
   4.4302713e-01
   2.4975363e-01
   1.8273759e+01
   5.5073002e+01
   1.2210678e+02
   1.3604399e+02
   1.6753375e+02
   1.2560703e+03
   1.2735114e+03
   1.5853137e+03
   9.5831126e+02
   1.2632945e+03
   1.2015495e+03
   5.5267375e+02
   6.3775549e+02
   2.4980952e+01
   2.5887921e+01
   8.2449950e+01
   1.1477941e+02
   1.8263255e+02
   1.7186826e-01
   1.8472979e+02
   9.9597688e+01
   1.1134956e+02
   1.1422733e+02
   5.7388735e+02
   1.2342598e+03
   3.3008795e+03
   3.2008131e+03
   1.5683595e+03
   4.3910307e+02
   2.3695347e+02
   1.9007258e+02
   6.5537948e+02
   3.9337943e+02
   6.8632943e+02
   3.1555540e+02
   7.9915515e+02
   1.0949111e+03
   5.3317608e+02
   3.1493145e+02
   2.0116105e+02
   2.7739900e+02
   5.1512689e+01
   1.3011683e+03
   1.5459056e+03
   4.9865398e+02
   2.7452290e+02
   3.1056577e+02
   2.5201950e+02
   1.0349703e+02
   3.7848422e+02
   1.7937332e+02
   1.6124028e+02
   9.6713128e+01
   2.8001486e+02
   2.6733317e+02
   4.7855957e-01
   3.5277568e+01
   1.4490824e+01
   1.2762613e-01
   9.0591366e-02
   1.0273429e+04
   1.2736151e+04
   4.2525660e+03
   2.7795483e+03
   5.1457438e+02
   3.6437051e+02
   5.8551383e+02
   6.2196926e+02
   8.3806459e+02
   8.1298019e+02
   4.8567578e+02
   1.7096397e+02
   5.1171506e+01
   7.9388393e+01
   5.8798014e-01
   9.3480739e-02
   1.4469616e+02
   8.2718816e+01
   3.2129070e+01
   3.8608251e+01
   1.6033444e+02
   1.8636216e+02
   5.3384310e+02
   1.2774476e+03
   4.6329079e+02
   4.7237093e+02
   5.1344682e+02
   6.2633363e+00
   3.3855727e+02
   5.9074575e+02
   2.2422299e+02
   9.0223464e+01
   7.2207412e+01
   1.3415042e+02
   1.3959073e-01
   5.0402517e+01
   2.4627605e+01
   6.2952629e+01
   2.1344562e+02
   7.3661918e+01
   7.8765127e-02
   1.5597189e-01
   4.3472601e+01
   1.0196067e+02
   5.3641612e+01
   5.0887794e+01
   4.6277965e+01
   2.1843105e+01
   2.2446040e+02
   3.6424800e+02
   4.6473606e-02
   1.2886278e+03
   9.6392363e+02
   2.6710532e+02
   2.2771593e+02
   6.6343976e+01
   8.2931377e+01
   1.8597731e+02
   2.5914485e+02
   1.1800504e+03
   3.4613366e+03
   3.0767640e+03
   4.2195252e+02
   2.2371366e+03
   8.6023045e+01
   9.4576777e+01
   1.6346498e+02
   5.9013198e+01
   1.5993018e+02
   3.0790429e+02
   6.1475787e+02
   1.0461708e-01
   1.0239442e-01
   3.8620783e+02
   8.3272161e+02
   1.9765180e-01
   4.4271015e+02
   2.9173548e+02
   4.9978828e+01
   1.4727439e+02
   2.7954195e+02
   2.0945051e+02
   1.4224115e+01
   1.6332192e+01
   2.3396818e+01
   6.1130294e+01
   3.1800067e+01
   1.3638481e+01
   1.4891138e+03
   5.0467398e+02
   4.5613643e+02
   1.3144180e-02
   4.8130151e+01
   2.6238325e+01
   2.1342399e+01
   2.6641244e+01
   3.0456280e+01
   2.6370978e+01
   1.0313461e+01
   8.5328990e+00
   2.0005657e-01
   9.2966272e-02
   2.3192188e+01
   9.4127501e+01
   5.6846234e+01
   3.4253505e+01
   3.3886253e+01
   1.8837201e+01
   1.7325872e+01
   2.7390400e+02
   2.4427588e+02
   1.7593017e+02
   3.4453982e+02
   8.5346931e+02
   8.2356812e+01
   9.0291578e+01
   1.1389772e+03
   5.6476726e+02
   6.1766351e+01
   1.0392915e+03
   1.7879354e+03
   4.4851819e-02
   5.5727813e+03
   3.2370474e+03
   2.6196381e+01
   4.3601844e+02
   1.2233093e+03
   6.1222508e+02
   5.9324717e+02
   4.0776541e+02
   3.1378763e+02
   2.5360188e+02
   4.9241602e+02
   5.2716377e+02
   1.3333432e+03
   3.3027596e+03
   3.8284796e+03
   3.6686145e+03
   3.4407045e+03
   1.7524314e+02
   2.4900624e+02
   2.0879172e+02
   1.8180572e+02
   6.8927732e+01
   7.8065477e+01
   2.6722117e+02
   4.0555658e-02
   1.2617058e-01
   1.2808845e+02
   4.8891258e+02
   1.1228851e-02
   4.8911564e-02
   1.5690513e-02
   4.5343903e+00
   7.9214351e+00
   1.1874011e+01
   2.8874299e+01
   1.8339624e-01
   8.2362316e+00
   2.0825244e-01
   6.0524394e-02
   6.7436717e-02
   2.7386037e+01
   3.3988198e+01
   4.0355146e+01
   3.6369204e+01
   2.0020530e+01
   2.3351095e+01
   4.0528436e+01
   3.5273905e+01
   1.7613361e+01
   6.8419642e+02
   6.6327459e-02
   1.6289039e+01
   5.2785426e+01
   3.8147399e+02
   2.4358111e+03
   2.0003049e+03
   1.2958229e+03
   2.6149668e+02
   5.4071542e+02
   6.8802030e+03
   1.3587960e+04
   7.7278221e+01
   1.9443925e+02
   8.8024924e+01
   5.0876544e+01
   3.5762956e+01
   1.2271723e+02
   9.8239070e+01
   1.6429560e+02
   1.5795149e+02
   2.6769315e+02
   1.2367937e-01
   2.0491405e+03
   3.3596403e+03
   2.7873563e+03
   3.7751902e+03
   1.7302149e+03
   4.8745801e+01
   3.4008843e+01
   4.5497189e+01
   6.5371738e+01
   1.4300465e+02
   5.3211696e+01
   4.5717228e+02
   3.0324035e+02
   7.2622801e+02
   2.9952408e+02
   7.8634804e+03
   1.2284803e-02
   1.4091031e-02
   2.1082311e-02
   8.4738239e-02
   3.6310363e+00
   5.0603670e+00
   2.4002691e+00
   2.0873448e-02
   9.2434509e-02
   4.3109224e-02
   5.7861727e-02
   4.0041192e-02
   7.1657921e+01
   7.7407485e+01
   7.2309833e+01
   2.5179576e+01
   2.2895522e+01
   2.9410058e+01
   3.7414598e+01
   4.2429943e+01
   1.4695759e+02
   1.1963433e+02
   1.0901283e+02
   6.8193106e+01
   1.3294617e+01
   8.2624378e+00
   3.7090887e+01
   2.7366228e+01
   8.5747597e+00
   8.8103010e+02
   4.1165297e+02
   1.1026153e+03
   9.3160706e+02
   9.3445516e+02
   2.2920267e+01
   1.5866256e+01
   3.1141873e+01
   1.8232898e+01
   3.4043470e+01
   7.6149891e+01
   3.5809743e+01
   1.4256284e+01
   3.1196048e-01
   4.5412846e+02
   9.0870149e+02
   5.2990230e+02
   1.3875067e+03
   7.2229226e+02
   1.1570738e+02
   1.0085542e+02
   7.7797513e+01
   6.5146392e-01
   1.0981371e-01
   7.4268849e+01
   1.4844131e+02
   1.2543220e+02
   1.5141002e+02
   5.9022227e+01
   1.2018458e+04
   1.2008378e+04
   4.7761631e-02
   7.3121127e-02
   1.7287794e-02
   7.0942928e-02
   9.1196791e-02
   4.6593796e-02
   1.2058967e-01
   1.2368685e-01
   7.0991225e-02
   2.1730564e-02
   1.3154292e-02
   4.0754470e-02
   1.0296886e+02
   1.9130215e+02
   3.1277046e+02
   1.2782013e+02
   1.7845151e+02
   6.8155997e+02
   7.3990904e+02
   5.6936438e+02
   1.5856158e+02
   5.0261817e+01
   3.4090738e+01
   2.1784551e+01
   4.5375744e-02
   3.1515443e-02
   7.5073105e+01
   1.0288522e+02
   9.0030945e+01
   1.1527945e+02
   2.2959892e+02
   3.7742767e+02
   6.6003123e+02
   4.6143672e+02
   4.0767833e+01
   2.7453453e+01
   8.3593132e+00
   2.4687827e+01
   8.9981568e+00
   1.9540714e+01
   1.6115263e+02
   2.3147260e-02
   2.2404966e-02
   1.2056718e+02
   1.7795717e+02
   5.8680471e+01
   4.4967379e-02
   1.9649835e+02
   8.0733504e-02
   1.7316465e+01
   1.8029489e+01
   1.8301170e-01
   4.2140931e-01
   2.2318106e-01
   3.0509300e-02
   1.3264655e+02
   1.2674251e+02
   2.1973403e+02
   3.9955363e+02
   5.0991033e+02
   2.8819502e-02
   6.4209618e-02
   3.8353450e-02
   3.1302394e-01
   4.6127211e-01
   2.0707091e-01
   1.1082072e-01
   1.3952056e-01
   1.6343891e-01
   2.1514528e-02
   4.1892875e-02
   5.5467689e-02
   7.2337138e+02
   6.0420711e+02
   3.3331869e+02
   6.7329925e+01
   2.0558972e+02
   4.5343227e+02
   1.0040230e+03
   2.4146401e+03
   2.6529000e+03
   1.2850084e+03
   8.4031437e+02
   5.1670868e+02
   2.2391814e+02
   1.0436598e+02
   1.7924766e+02
   2.2167129e+02
   1.8861941e+01
   2.6744067e+01
   6.5852412e+01
   7.1808014e+02
   3.4038412e+02
   1.4833316e+02
   1.0097776e+01
   2.3594289e+01
   3.1272357e-01
   1.0202695e-01
   5.3162888e-01
   3.7791009e-01
   9.8904959e+01
   1.8439492e-01
   6.2432394e-02
   9.8688479e+01
   9.3393507e+01
   3.2864139e-03
   1.6540420e-02
   8.5004337e-03
   6.7468480e-02
   2.0224361e-02
   1.1442184e-01
   2.1432565e-01
   5.7291038e-01
   8.4813168e-01
   1.9877981e-01
   9.0222411e-03
   2.0843802e+02
   1.5551274e+02
   7.9560096e+01
   7.8964784e-02
   1.0644898e-02
   1.2944727e-02
   1.0896533e-01
   1.7010713e-01
   1.5307116e-01
   7.7952302e-02
   1.2412023e-01
   1.6675598e-02
   8.6153448e-02
   2.4291084e-01
   1.6538535e-01
   1.1930585e-01
   6.4908129e+02
   1.5666744e+02
   1.3412684e+02
   9.4317809e+01
   9.1493704e+01
   1.8505790e+02
   4.6636321e+02
   1.2457044e+03
   1.4427113e+03
   5.2099626e+02
   3.4530647e+02
   2.2880118e+02
   3.5209098e+02
   2.9989677e+02
   1.9510022e+02
   1.0128394e+02
   7.4593209e+01
   5.0218712e+02
   2.1927520e+02
   1.1301178e+02
   6.5113542e+02
   3.7795406e-02
   3.1205342e-02
   3.0407268e+01
   3.4903806e+01
   5.4955224e-01
   1.0941970e+00
   4.6962911e+01
   4.2297523e+01
   1.9030029e-01
   1.3249912e-01
   5.2432775e+01
   3.1135165e-02
   1.8742712e-02
   5.0343356e-02
   1.2356395e-02
   4.7342597e-02
   3.3614248e-02
   1.7359521e-01
   5.2399680e-02
   8.6502641e-02
   1.0052290e-01
   1.0865726e-01
   6.0324011e-02
   5.5289887e-02
   3.3300456e+02
   4.1306685e-02
   7.1035253e-02
   3.4163632e-02
   4.2436478e-02
   1.0236356e-01
   2.7128284e-01
   1.4977151e-01
   1.0186116e-01
   4.9683612e-02
   7.4937671e-02
   4.3308690e-02
   1.1312575e-01
   2.3375579e-01
   2.7637171e-01
   1.7398814e+02
   6.1618786e+01
   6.7815233e+01
   7.3436857e+01
   5.2502503e+01
   1.1327502e+02
   1.8350837e+02
   1.0017490e+02
   2.9950723e+02
   1.9396232e+02
   4.5817502e+02
   6.0541773e+02
   3.1635716e+02
   1.7873620e+02
   1.7731263e+02
   2.6993813e+02
   1.6563548e+02
   2.6874862e+02
   5.1600143e+02
   3.2834961e+02
   2.5389847e+00
   2.1223247e-02
   3.0708124e-02
   9.6828789e-03
   2.8387936e+01
   1.5736432e+01
   3.6774719e-01
   2.6644070e+01
   1.3705207e+01
   3.8231311e-02
   3.9877662e+00
   3.9740880e+01
   3.1294183e-02
   2.2347852e-02
   4.2906905e-02
   1.7518357e-02
   7.3567336e-02
   1.0509654e-01
   1.3318729e-01
   4.5062074e-02
   2.8019356e-02
   1.1837162e-01
   9.1607176e-02
   2.7845968e-02
   6.3460211e-02
   4.1199035e-02
   1.3446263e-02
   1.5295127e-02
   6.1575062e-02
   1.3347310e-02
   8.8844501e-02
   2.9503851e-01
   2.8415120e-01
   8.2793085e-02
   2.5215523e-01
   3.3648221e-01
   4.0645381e-02
   1.3399064e-01
   2.8187019e-01
   1.3447904e-01
   1.6062351e+02
   1.9365154e+02
   1.6353524e+02
   3.6998187e+02
   8.9543556e+02
   3.6319282e+02
   1.6082131e+02
   5.1315296e+01
   8.5742822e-02
   5.4690314e+02
   5.6778152e+02
   9.4173464e+02
   1.8399991e+03
   8.7514937e+02
   4.8104677e+02
   3.6328086e+02
   4.5076779e+02
   3.8638735e+02
   2.7271463e+02
   9.1271526e+01
   1.2960675e+01
   1.8959563e+01
   8.0316479e-02
   6.8237672e-02
   6.8699367e-02
   2.2147046e+02
   2.1196196e+01
   7.1593632e+01
   3.0196154e+01
   2.3838435e+02
   2.7099280e+02
   1.6289097e+01
   2.8209435e-02
   3.5510223e-02
   1.2604897e-01
   9.8346459e-02
   6.5946965e-02
   4.2454548e-02
   2.9356014e-01
   3.0317532e-01
   9.9347270e-02
   3.0997930e-02
   4.1311099e-02
   2.5437619e-02
   1.1086452e-02
   9.5419194e-03
   1.7248726e-02
   1.2949069e-02
   2.3734902e-02
   4.4466641e-02
   5.7106892e-02
   5.2649087e-02
   9.2416391e-02
   1.1639742e-01
   7.2531608e-02
   3.1423948e-01
   7.8590407e-02
   3.9144096e-01
   1.4561601e+00
   4.1331269e-01
   3.3335386e+02
   3.2792119e+02
   3.0146279e+02
   3.0568992e+02
   6.7307925e+02
   3.8505053e+02
   7.0549950e+02
   4.1342787e+02
   2.6772599e-02
   2.7687712e-02
   4.7339647e-02
   3.4690794e+02
   4.7410772e+02
   8.9987699e-02
   9.1152571e-02
   6.8444399e+02
   6.7250772e+02
   1.0384346e+03
   7.2241166e+02
   3.4170743e+02
   1.9973745e-01
   1.3972888e+02
   3.4748466e+01
   8.5592075e-02
   2.3747107e-02
   3.1090906e+01
   1.2304292e+02
   3.8737798e+02
   8.3644896e+01
   1.5546653e+02
   1.1945084e+02
   1.9768412e+02
   2.9548697e-02
   3.3023883e-02
   1.3365093e-01
   1.0101984e-01
   1.0638779e-01
   3.2480232e-02
   1.8431117e-01
   2.5035868e-01
   1.0046437e-01
   9.4813068e-02
   1.0159394e-01
   5.1013344e-02
   6.0045697e-02
   3.7767938e-02
   9.7067190e-03
   5.7582639e-03
   4.3908753e-02
   2.9987397e-02
   2.9515555e-02
   1.0027249e-01
   1.2343998e-01
   3.5171296e-01
   1.1701829e-01
   1.8443678e-01
   2.1445397e-01
   1.4097466e-01
   7.6980765e-01
   1.6995750e-01
   3.2476325e+02
   1.9057400e+02
   2.5328984e+02
   6.3181467e+02
   1.3615822e+03
   7.1177610e+02
   7.0006728e+02
   8.7874993e+02
   1.2692277e+03
   6.4098126e+02
   3.4645766e-02
   1.3476266e+02
   1.1589009e+02
   1.0108310e+01
   7.5996868e+01
   1.0478179e+02
   3.1385309e+02
   1.2641880e+02
   3.1745060e+01
   4.9361474e+02
   3.0212214e-02
   1.3181761e-02
   6.7528586e+01
   6.3581196e+01
   1.0546393e+02
   7.5493270e+01
   6.4271053e+01
   7.7710421e+01
   9.9640276e+01
   2.4172966e+01
   3.9285820e+01
   7.3351210e+01
   6.7660009e+01
   3.8755356e-02
   3.1873890e-02
   9.4709461e-02
   1.7544499e-01
   7.8664866e-02
   2.2729194e-01
   2.3488743e-01
   8.7390357e-02
   2.2644715e-01
   3.9344996e+01
   2.7878528e-02
   4.2188511e-02
   1.1596174e-01
   1.6291062e-02
   2.3494156e-02
   1.4106175e-02
   1.3324148e-02
   3.4035009e-02
   7.8879037e-02
   2.2819466e-01
   9.4641761e-02
   9.5381770e-02
   9.6178845e-02
   1.6019796e-01
   6.0258764e-01
   9.2303445e-02
   2.3575039e+02
   7.4168150e+02
   2.6704946e+02
   4.5572079e+02
   4.5041840e+02
   1.0932550e-02
   1.3143365e+02
   1.3258828e+02
   2.7736470e+02
   9.2978759e+02
   7.9595993e+02
   6.7910152e+01
   1.4384503e+02
   3.5629363e-02
   7.1883665e+01
   1.1011894e+02
   1.5407101e+02
   2.4277323e+01
   5.2890632e+01
   3.1770023e+01
   3.3571540e+01
   2.1825099e+01
   5.4476204e-02
   1.9308714e+01
   6.3876159e+01
   8.0867550e+01
   3.5182393e+02
   3.1008930e+02
   2.0428454e+02
   3.2205066e+02
   2.9070196e+02
   2.6311961e+02
   4.1643796e+01
   3.4920378e+01
   4.0477762e+02
   1.1571932e-01
   6.3404296e-02
   6.4841276e-02
   7.4432495e-02
   5.1509812e-02
   4.1859625e-02
   2.3753598e+01
   4.9589479e+01
   8.5071289e+01
   3.6216588e+01
   5.9023721e-02
   2.0493932e-02
   8.5322325e-03
   3.1477089e-02
   1.6837495e-02
   1.6307051e-02
   3.6464840e-02
   8.7589618e-02
   1.3024582e-01
   1.3607306e-01
   7.5150997e-02
   5.6868551e-02
   2.3097166e-01
   1.8176613e-01
   4.8524905e+02
   1.8563135e+03
   2.8551148e+02
   3.9734167e+02
   8.2675501e+02
   5.3201320e+02
   3.8519135e+02
   1.2535614e+02
   9.3781066e+01
   1.4704381e+02
   8.1901268e+02
   5.9738640e+02
   1.4396748e+02
   8.7818554e+01
   2.2048554e+01
   4.6454775e+01
   1.0115613e+02
   1.5181309e+02
   4.4844490e+01
   6.1337793e+01
   9.5553671e+01
   4.1137410e+01
   9.3628564e+01
   1.6182734e+02
   1.4207737e-01
   2.8438167e+01
   3.4944223e+01
   4.5477596e+01
   2.9714127e+02
   4.0101598e+02
   8.1154702e+02
   9.3161295e+02
   2.4143865e+02
   5.7475898e+01
   9.3250290e+00
   7.2773373e+02
   9.2691452e+02
   1.8002438e+03
   1.2388068e+03
   6.8176096e-02
   1.0866465e-01
   3.6384829e+01
   3.4988542e+01
   1.8208327e+01
   4.5321450e+01
   5.3532325e+01
   2.8647494e+01
   1.3410481e-01
   5.8420851e-03
   8.9615703e-03
   3.0872888e-02
   1.4748706e-02
   3.6396877e-02
   4.8244686e+01
   1.7892598e+01
   7.0987753e-02
   8.1100431e-02
   3.0609789e-02
   9.4890430e-02
   2.2650174e+02
   2.3452556e+02
   2.0578598e+02
   3.7930183e+02
   3.8610260e+02
   1.6602265e+03
   1.3179593e+03
   1.1057622e+02
   1.9874571e+02
   2.2119636e+02
   1.8911305e+02
   9.0213634e+01
   4.3452682e+01
   1.8954575e+01
   1.6060460e+01
   5.2020709e+01
   6.2430843e+01
   6.2368363e+01
   7.2865817e+01
   7.8546589e+01
   5.4303644e+01
   1.3823577e+02
   1.6675374e+02
   2.0383492e+02
   5.5519106e+02
   2.0036458e+02
   6.7996505e+01
   6.9672919e+01
   6.0223337e+01
   8.3288548e+01
   3.8893759e+01
   4.6714356e+02
   8.4324107e+02
   7.0606649e+02
   6.3329609e+02
   4.0000320e+02
   9.8892344e+01
   5.4526536e+02
   1.2986823e+03
   9.4486820e+02
   6.9213168e+02
   5.2303861e+01
   1.1232175e+01
   8.8185945e+00
   1.3076126e+01
   2.2894873e+01
   6.2853781e+01
   6.5099161e+01
   2.1398257e+01
   7.3071270e-03
   1.9508169e-02
   6.9981670e-02
   9.7742269e+01
   9.4249147e+01
   9.1463388e+01
   9.4356006e+01
   1.8012138e+02
   1.2157700e+02
   8.6557374e-02
   4.8601494e+01
   9.2023934e+02
   9.6689793e+02
   1.7250527e-01
   1.8751732e-01
   4.1797817e-01
   1.0330518e-01
   6.3831100e+01
   3.4531291e+01
   6.2390655e+01
   2.5036716e+02
   1.6858955e+02
   2.6406694e+02
   1.6845976e+02
   8.7383874e+01
   1.4103684e+02
   1.4513946e+02
   7.4614441e+01
   1.0138616e+02
   4.4065093e+01
   6.0993049e+01
   2.4987487e+01
   5.1412286e+01
   7.0684041e+01
   4.2366173e+01
   6.1604008e+02
   2.5636112e+02
   1.7058013e+02
   4.4764069e+02
   2.6230605e+02
   4.1215816e+01
   7.7378639e+01
   1.8464335e+02
   1.2373378e+02
   9.8415643e+01
   4.9617952e+02
   2.2699524e+01
   3.3224389e+01
   6.4418166e+02
   3.1222329e+03
   6.1344122e+02
   1.2838570e+01
   1.1123709e+01
   1.8324885e+01
   1.3124935e+01
   1.3693803e+01
   1.5667340e+01
   1.7352663e+01
   7.1128292e+01
   1.4324492e+02
   2.1813792e-02
   2.1979597e+01
   2.8752399e+02
   3.5415832e+02
   2.2753805e+02
   1.4816680e+01
   1.9654498e+01
   2.9439128e+01
   5.3008142e+01
   6.3126017e+01
   4.3757513e+02
   7.5518600e+02
   2.6733580e-02
   1.3514317e-01
   5.0832619e+01
   5.5052737e+01
   7.6700603e+01
   9.4675484e+01
   9.1319142e+01
   2.0111105e+03
   1.4678095e+02
   2.7043340e+02
   5.4403016e+02
   9.3600310e+02
   2.6176321e+02
   2.6902199e+01
   4.0929991e+01
   3.6644056e+01
   1.4880190e+02
   3.5375820e+02
   2.1086967e+02
   7.3083693e+01
   5.8405030e-02
   8.6619640e-02
   2.1364057e+01
   1.5094840e+01
   2.1891721e+01
   6.2670777e+01
   1.2997901e+02
   1.5829715e+02
   1.1849739e+02
   5.6885558e+01
   1.2999394e-01
   6.2669951e+02
   5.8390631e+02
   6.3091852e+02
   6.1191953e+02
   3.8380166e+02
   2.4817130e+02
   1.3011634e+02
   1.4653180e+02
   7.3634964e+01
   6.2233337e+01
   1.0012240e+02
   4.4642564e+01
   4.0693626e+01
   5.6665100e+01
   1.1231424e+02
   1.3781495e+02
   7.5848411e+01
   8.2163791e+01
   8.4014196e+01
   5.8411319e+01
   2.0894668e+02
   6.0423513e+01
   3.3525960e+01
   2.7161488e+01
   1.3804428e+02
   6.6757198e+01
   3.7425895e+01
   5.0394978e+01
   3.5123119e+01
   4.9234377e+03
   9.8874096e+02
   6.7908875e+02
   8.5796230e+02
   2.8746494e+02
   2.8804086e+02
   1.9341156e-02
   3.9590869e-02
   1.6546637e+03
   1.7823234e+02
   7.9581202e+01
   4.5792135e+01
   1.9460837e+01
   4.3550164e+01
   7.6060369e+01
   2.2563025e+02
   6.8630138e+01
   6.4655280e+01
   4.8690340e-02
   1.3168234e-01
   1.3734633e-01
   9.9332378e-02
   1.0880055e-01
   4.3221319e+01
   3.8070596e+01
   4.8129977e+01
   4.4597317e+01
   6.0870528e+01
   3.9204502e+01
   1.8189463e-01
   1.3875410e+01
   1.6495574e+02
   3.4127731e+02
   4.5351434e+02
   4.3111722e+02
   7.0277314e+02
   4.8153704e+02
   2.0849056e+02
   3.3556010e+02
   7.2535503e+02
   8.4551372e+02
   4.7427012e+02
   2.5472017e+02
   6.2089684e-02
   4.8440880e+01
   5.3223041e+01
   1.8637962e+02
   1.1987546e+02
   1.7409108e+02
   2.0628935e+02
   2.6423400e+02
   4.0166681e+01
   1.0281685e+02
   8.8815302e+01
   2.3554918e+01
   3.6022537e+01
   3.1941617e+01
   7.4142802e+01
   7.1005737e+01
   4.8214807e+01
   5.4081020e+01
   4.3428753e+03
   1.3876891e+03
   7.2133637e+02
   2.2340971e+02
   1.0192544e-01
   1.4760959e-02
   1.9314389e-02
   4.2155201e-02
   3.8790292e+02
   9.3634653e+01
   1.5009703e+02
   3.4747557e+02
   2.8215207e+02
   4.1709127e+02
   2.7981824e-02
   4.9816007e+01
   1.4279313e-01
   5.8051602e-02
   5.1499868e-02
   1.2097345e-01
   5.1484031e-01
   6.0998922e-01
   8.9553209e-02
   1.2432602e+01
   6.4390359e-02
   2.7553147e+01
   1.3532256e+02
   1.2587201e+01
   1.0348561e+01
   5.0940109e+01
   9.6146416e+01
   2.0867596e+01
   2.0423899e-02
   4.6210156e+01
   1.1813759e+02
   1.2871299e+02
   1.2241959e+02
   5.0050488e+02
   5.5719722e+02
   1.7487449e+02
   1.1597492e+02
   1.0789220e+02
   2.6499127e+02
   4.0528619e+02
   7.8251859e+01
   9.9534261e+01
   1.1610757e+02
   2.9921528e+02
   2.6305056e+02
   3.2521766e+01
   7.3488851e+01
   6.2944364e+01
   1.6596447e+01
   3.6565032e+01
   2.1963255e+01
   3.6680777e+01
   1.0190745e+02
   7.1869771e+01
   8.3936927e+01
   8.2000855e+01
   1.0580335e+02
   4.0516981e-01
   3.3816724e-02
   1.3168046e-01
   1.1828524e-01
   2.0492504e-02
   1.9739421e-02
   1.2951222e-02
   9.0980029e-02
   1.9256803e+02
   6.5295827e+01
   6.1385009e+01
   6.5633485e+01
   5.7655072e+01
   1.4658851e-01
   1.0699644e-01
   2.5598572e-01
   1.0207385e-01
   2.8947101e-01
   1.6761156e-01
   7.6839902e-02
   9.7919940e-02
   3.2634206e-02
   1.8264969e-02
   1.3633487e-02
   1.0005221e-02
   2.5286093e+02
   1.2997552e+02
   1.3849661e+02
   3.2088180e+02
   2.1919397e+02
   8.0748671e-02
   4.5605035e-02
   6.2037650e-02
   3.4054375e-02
   1.5535759e+02
   2.0096885e+02
   1.2418950e+02
   7.8492131e+01
   5.5157774e+01
   3.8774747e+02
   1.9047135e+02
   1.7154734e+02
   2.2232156e+02
   9.7293594e+01
   1.0150550e+03
   2.0940584e+02
   7.9416443e+02
   3.3686758e+02
   2.3292937e+02
   1.1119387e+02
   8.1865138e+01
   4.4998329e+01
   1.0592599e+02
   2.1487116e+02
   1.1192555e+02
   6.6535490e+01
   9.8074118e-02
   9.1802918e+01
   8.6375223e+01
   5.9669332e+01
   2.9181290e-01
   1.9114839e-01
   3.8548780e-01
   7.2388316e-02
   2.6947539e-01
   2.8155585e-01
   1.7612259e-01
   8.6535627e-02
   4.8451201e-02
   8.1904254e-02
   7.0067943e+01
   5.5233713e+01
   5.5265573e-02
   3.1811236e-01
   1.1990448e-01
   7.0968183e-02
   2.0801873e-01
   3.3415551e-01
   7.5424148e-02
   1.6551628e-01
   5.1696346e-02
   9.9115508e-02
   1.6575241e-01
   1.3082512e-01
   2.5700041e-02
   9.0298496e+01
   2.0194083e+02
   4.2551792e+02
   4.2911755e+02
   2.1711832e-01
   3.1873854e-02
   4.3755408e-02
   5.2870821e-02
   1.2175390e-01
   6.6508818e-02
   2.5073501e+02
   4.9254759e+02
   3.5412316e+01
   6.7828341e+01
   5.8022886e-02
   2.1334218e-01
   1.2395298e+02
   3.6917718e+01
   1.6318743e+02
   1.1029658e+02
   2.2527639e+02
   3.1822819e+02
   2.6772208e+02
   3.4019102e+02
   4.4341269e+02
   5.1206446e-02
   1.9276998e+01
   1.3453316e+02
   4.2944984e+02
   2.1569381e-02
   6.0431211e-02
   4.0721172e-02
   2.1055088e-01
   1.8104337e+02
   3.0895981e+02
