   6.3054774e-02
   1.7379875e-01
   2.2655953e-01
   1.4863067e-01
   1.0963119e-01
   8.3498548e-02
   1.7466334e-02
   1.3747231e-01
   6.0005321e-02
   4.7544881e-02
   2.4650655e-01
   4.7172622e-02
   8.6680191e-02
   6.7300208e-02
   2.4304529e-01
   1.5265845e-01
   3.4691910e-02
   1.3181006e-01
   3.3627346e-02
   9.7093339e-02
   7.0432455e-02
   8.9965322e-02
   4.6333540e-02
   1.9178175e-01
   1.7014546e-01
   1.9644018e-01
   1.0166240e-01
   3.5485148e-01
   5.5937251e-01
   2.3897759e-01
   6.2148502e-02
   2.2203065e-01
   3.4934786e-02
   2.3214246e-01
   4.3413690e-01
   7.0220917e-02
   3.7801555e-01
   5.1439382e-01
   1.5544163e-01
   4.3507465e-02
   1.1639185e-01
   1.7783500e-01
   8.6938666e-02
   2.2935470e-02
   4.3341964e-02
   5.9759726e-01
   5.2401012e-02
   9.7009194e-02
   5.3384729e-02
   3.0366224e-02
   4.3607930e-02
   4.6480696e+02
   2.6219339e+03
   1.9874870e+03
   4.3936701e-01
   3.8940244e+02
   5.7238141e+01
   1.5734335e+02
   4.3219352e+02
   2.5453305e+02
   8.2844765e-02
   1.9248451e-01
   8.7108486e-02
   7.8541324e-02
   2.1559046e-01
   5.0757406e-02
   1.9769102e-02
   1.5918173e-02
   6.9806069e-02
   7.9217867e-02
   1.0896909e-01
   1.0747877e-01
   4.1494320e-01
   4.6476509e-02
   1.1407760e-01
   2.5224677e-01
   6.5076349e-02
   5.3328389e-02
   4.0298425e-02
   5.2351094e-02
   1.6887413e-02
   7.6762042e-02
   5.0126618e-02
   2.0387882e-01
   6.9602988e-02
   6.7066694e-02
   1.0886393e-01
   5.8075264e-01
   2.8228027e-01
   1.1347661e-01
   1.6540549e-01
   1.1382232e-01
   1.8696935e-01
   2.1044829e-01
   1.1918913e-01
   1.0476311e-01
   1.8817419e-01
   5.0882130e-01
   1.1271208e-01
   1.0451652e-01
   5.8502639e-02
   1.8790008e+02
   1.5092473e+02
   3.3509464e+01
   1.5829236e-02
   1.3152958e-01
   9.8162827e-02
   2.5127482e-01
   8.7286012e-02
   1.7394016e-02
   3.7672601e-02
   4.4224420e+03
   7.2763255e+03
   3.6675306e-01
   2.4716675e-01
   2.6598643e+02
   9.6493338e+02
   8.8651450e+02
   7.3119181e+02
   5.9572717e+02
   3.6275415e-02
   4.0028783e-02
   4.4735390e-02
   4.8917346e-02
   3.5353976e-02
   3.7677669e-02
   4.2641581e-02
   2.6528357e-02
   8.3032739e-02
   1.6089768e-01
   1.3094488e-01
   7.6358482e-02
   2.9067854e+02
   5.9979340e-02
   1.4956844e-02
   5.2402571e-02
   3.8297824e-02
   7.6452439e-02
   7.8240500e-02
   2.1060588e-02
   7.4441251e-02
   6.2169259e-02
   4.0749438e-02
   3.4790186e-02
   1.4141945e-01
   1.9566565e-01
   6.0212769e-02
   3.3616849e-01
   1.4214420e-01
   1.4246698e-01
   1.5609016e-01
   1.4944588e+02
   2.4193064e-02
   8.1423182e-02
   1.5615531e-01
   4.2641138e-01
   3.8091975e-01
   1.9726996e-01
   1.4662491e-01
   1.0874990e-01
   3.9627301e+02
   1.6248167e+02
   5.9816183e+01
   5.1878867e+01
   6.3900375e+01
   1.6477790e-01
   7.8227048e-02
   2.5177923e-01
   1.3108063e-02
   5.7370873e-02
   1.9905932e+03
   2.4217895e+03
   1.4083818e+03
   8.2022171e-02
   1.4025032e-01
   2.2779612e+02
   3.6830516e+02
   1.1970074e+02
   1.8863346e+02
   7.7207472e+01
   4.1485818e-02
   7.4321337e-02
   1.8324799e-01
   2.8217466e-02
   2.6405468e-02
   7.3433430e-02
   8.0431481e-02
   2.2720464e-01
   3.5304070e-02
   3.3116412e-02
   2.8614921e-02
   1.4205129e+02
   3.0581553e+02
   2.4168210e+02
   8.2296689e-02
   3.4602284e-02
   3.7640898e-02
   3.8684429e-02
   4.9032252e-02
   5.7223346e-02
   7.8922052e-02
   2.7166534e-02
   4.2652466e-02
   6.8642504e-02
   3.6349946e-02
   4.7254386e-03
   2.3226751e-02
   1.8410624e-01
   3.3315116e-02
   1.6536631e-01
   1.3750052e-01
   6.2954115e+02
   3.4842244e-02
   1.5933780e-01
   1.3728981e+02
   1.3960653e+02
   8.5350387e-02
   6.6747351e-02
   4.6030672e-02
   6.8337874e+01
   6.7154003e+01
   1.8301908e+01
   1.5037834e-02
   2.7851713e-02
   4.2819245e+01
   5.6205011e-02
   8.5819579e-02
   3.3685924e-02
   4.7562952e-02
   4.8096102e+02
   1.8537032e+02
   3.1868484e+02
   4.3182723e+02
   4.9382251e+02
   1.5804266e-01
   2.5209529e+02
   1.8664928e+02
   1.4087175e+02
   1.3845639e+02
   1.4654125e+02
   3.6403444e-02
   6.6021484e-02
   2.1428901e-01
   7.4758490e-02
   2.5330696e-02
   1.5599581e-01
   2.1655190e-01
   7.6657913e-02
   4.1638509e-02
   4.5784858e-02
   1.1345497e-01
   9.9857347e+01
   6.3269612e+01
   5.1214753e+01
   6.4047954e-01
   2.0572480e-01
   3.9351622e-01
   3.4978837e-02
   4.2440784e-02
   1.7819024e-02
   4.7429891e-02
   5.7087431e-02
   6.5634747e-02
   1.5861627e-01
   3.5634515e-02
   1.0161137e-01
   3.2087785e-02
   4.2151536e-02
   7.8240003e-02
   1.2506169e-01
   5.7897443e+01
   2.1038098e+02
   2.8681433e-02
   3.6602213e+02
   5.8275259e+02
   2.0276736e+01
   3.3784444e+01
   2.4946097e+02
   3.5327007e+02
   9.6964884e+01
   3.8583878e+01
   1.1376809e-01
   3.7163772e-02
   3.0568520e-02
   3.3414770e-02
   6.3565885e+01
   3.8228711e+02
   4.8211448e+02
   6.0816358e+02
   4.9370554e+02
   4.4707862e+02
   3.8345738e+02
   6.5432018e+02
   2.0933254e+02
   2.3944995e+02
   1.0151148e+02
   2.7424824e+02
   1.8292219e+02
   1.2484545e+02
   4.2769329e+01
   3.7470935e-02
   6.7423882e-02
   9.4742807e-02
   1.8457201e-02
   2.3857018e-02
   2.2414364e-02
   4.4559219e-02
   5.8905342e-02
   2.8873749e-02
   7.3674938e-02
   2.5694778e-01
   4.6302347e-02
   4.4866422e+01
   2.8544923e-01
   4.6742829e-01
   1.9881781e-01
   2.6721486e-01
   7.2350141e-02
   3.2768683e-02
   7.9337259e-02
   1.6359565e-01
   3.7089902e-01
   9.0307297e+01
   1.2323258e+02
   1.0777528e-01
   8.7216621e-02
   4.9815684e+01
   1.4576674e-02
   4.5193042e-02
   3.9014840e-01
   1.1532728e+02
   7.5768939e+01
   5.0742984e+01
   1.2155974e+02
   8.6000104e-02
   1.0968401e-01
   5.0823385e-02
   3.4831052e+02
   1.7735120e+02
   4.8139545e+01
   5.5803819e-02
   2.4952013e-02
   7.8442275e-02
   1.0314412e-01
   4.8907330e-02
   5.6982747e+02
   7.9812623e+02
   6.7471168e+01
   2.6577006e+01
   5.7077934e+01
   3.4911943e+01
   1.6376337e+01
   7.5678228e+01
   2.3826132e+02
   2.2774534e+02
   2.9406611e+02
   3.5354114e+02
   1.4967572e+02
   6.5792011e+01
   5.8455340e+01
   3.5304832e-02
   1.4571302e-01
   1.9304551e-01
   1.0262326e+02
   2.0729310e+02
   8.0098838e+02
   9.1414896e-03
   4.0823957e-02
   5.5957152e-02
   2.1564666e-01
   4.6261727e-01
   2.0049235e-01
   7.5491170e-02
   4.2174770e-02
   1.2603737e-01
   1.3282582e-01
   1.9302233e-01
   9.1045066e-02
   5.0956193e-02
   3.4452712e-02
   3.2054053e+02
   2.0853943e+02
   2.7054676e+02
   1.2610493e+02
   2.7695001e+02
   1.5732344e+02
   1.9705016e+02
   7.1379330e-02
   3.6894964e-02
   3.1821704e+02
   7.0790535e+02
   3.0118534e+02
   2.3878677e+01
   6.1253433e-02
   1.2694314e-01
   7.7511245e-02
   1.3954224e-01
   4.6215182e-01
   3.1668389e+01
   7.3133436e+01
   7.2458110e+01
   4.6515606e+00
   6.9226299e+00
   9.2608159e+00
   3.6228334e+02
   4.2497025e+02
   7.9401169e+01
   1.2408150e+02
   1.0017707e+02
   8.6993087e+01
   3.8460500e+01
   4.9662143e+01
   1.3749274e+02
   5.6957356e+02
   9.9635306e+02
   4.4027726e+02
   2.5548430e+02
   3.5523545e+02
   2.2967500e+02
   1.1338240e+02
   1.5222394e-01
   1.0808266e-01
   2.2331445e+01
   1.3403150e+02
   3.3524543e+02
   4.9079430e+02
   3.1469495e+02
   7.2856061e+02
   2.5320740e+02
   1.0708402e+02
   6.3384909e+01
   8.6816965e-02
   1.5587027e-01
   1.8107891e-01
   2.6928966e-01
   1.4363011e-01
   3.4789859e-01
   2.0744594e-01
   1.0307523e-01
   8.1369832e+01
   1.0072319e+02
   1.2700789e+02
   1.3379118e+02
   2.2197721e+02
   2.6967931e+02
   6.8145881e+02
   1.2287309e+03
   1.4308524e+02
   7.5651946e+01
   7.8009366e+01
   4.3275016e+02
   4.1433784e+02
   1.4982210e+02
   1.1795514e-01
   9.0210425e+00
   1.8866138e-01
   7.1409925e-01
   3.8281212e-01
   4.8591904e+01
   6.5738254e+01
   6.4530116e+01
   2.1843010e+02
   3.9508802e+02
   1.5096364e+02
   3.6822378e+02
   2.9008930e+02
   3.9527873e+02
   1.7288962e+02
   1.5541703e+02
   4.2232284e+01
   5.1754708e+01
   3.3674573e+01
   4.3286285e+01
   3.7459877e+01
   1.0871222e+02
   1.2396088e+02
   7.6764901e+01
   1.1829684e+02
   1.6536417e+02
   6.7879967e+01
   4.9687079e+01
   9.6810022e+01
   1.3933387e+02
   2.1181144e+02
   1.5568638e+02
   2.9041031e-01
   5.9338806e-02
   2.3048302e+03
   1.4082708e+03
   1.3852921e+03
   1.2927623e+03
   3.2989648e+02
   3.5256632e-01
   2.9543296e-01
   6.5808540e-01
   8.3984334e-02
   1.6188794e+02
   3.2300745e+01
   6.7759087e+01
   6.4470025e+01
   9.1111419e+01
   9.4890724e+01
   5.4062580e+01
   2.7666403e+02
   7.7600411e+02
   7.5883054e+02
   5.7846804e+02
   3.0724631e+03
   6.2720826e+03
   5.1861693e+03
   5.2181178e+03
   5.1598193e+01
   4.3639922e+01
   3.4571197e-01
   1.9890700e+01
   3.2880531e+01
   2.1943933e-01
   1.1204921e+02
   4.2224100e+02
   4.2527976e+02
   5.6499180e+02
   2.6599388e+02
   4.0805650e+02
   2.1034301e+02
   4.4224423e+02
   2.2433228e+02
   1.7103254e+01
   2.0634528e+01
   5.2776797e+00
   1.3552660e+01
   5.5222231e+01
   4.1392587e+01
   6.1028059e+01
   4.8557086e+01
   4.3055477e+01
   3.2522622e+01
   9.3588591e+01
   1.5617398e+02
   6.5806473e+01
   5.5055829e+01
   1.8854743e+02
   2.4137244e+02
   2.5461414e+02
   3.4591075e+02
   3.3891800e-02
   1.2950100e-01
   5.3574792e+01
   4.2771622e+01
   3.4169629e+02
   1.3994918e+03
   2.5320849e+03
   2.3841100e+03
   8.7410830e+02
   2.9391754e-01
   9.9789648e+01
   7.3816443e+01
   8.3238369e+01
   9.7803360e+01
   3.8175550e+02
   2.0598661e+02
   1.5276212e+02
   2.7146058e+02
   2.7651622e+02
   4.1406954e+02
   3.4325827e+02
   3.8153047e+02
   3.5064213e+02
   1.8063107e+03
   1.5104678e+03
   1.8080611e+03
   1.7731891e+03
   7.0311822e+02
   2.6854159e-01
   3.4953379e-01
   1.7853452e-01
   1.3554227e+02
   7.6805033e+01
   2.1775436e+02
   1.2580426e+02
   2.3126164e+02
   1.3873742e+02
   9.1317166e+01
   2.8278191e+02
   9.1932939e+01
   2.8256655e+02
   2.6230224e+01
   2.8230304e+02
   2.1537664e+02
   2.3133841e+01
   5.0912806e+01
   2.2422288e+01
   1.1291684e+01
   1.5304493e-01
   2.8293432e+02
   5.3503754e+01
   3.6623926e+02
   5.4076405e+02
   4.7721006e+02
   1.6455258e-01
   6.1124193e-02
   4.0829671e+01
   3.0029562e+01
   3.0212093e+01
   7.6882565e+01
   7.9459207e-02
   2.6914546e+02
   2.6084927e+01
   3.8498447e+01
   3.8469736e-02
   1.9430836e+03
   2.5900244e+03
   1.2281938e+03
   9.2708770e+02
   8.6727324e+01
   1.4913071e+02
   4.7467102e+01
   1.0577503e+02
   1.7812140e+02
   1.0991177e+02
   7.4729736e+01
   2.1415492e+01
   7.2461059e+01
   8.3160218e+02
   1.3130369e+03
   2.4389696e+02
   1.7486747e+02
   1.2826773e+02
   2.8921317e+03
   5.3645394e+02
   3.4608486e-01
   1.9025209e-01
   7.7828855e+02
   1.8266167e+03
   2.6017442e-01
   5.9906830e-02
   2.0301625e+02
   2.5215531e+02
   1.7363577e+02
   4.6533222e+02
   4.5130826e+02
   4.1468887e+02
   2.6479661e+02
   5.4257121e-02
   2.2763524e-01
   1.5248576e+01
   2.0757413e+01
   7.8118880e+02
   1.1327517e+03
   7.3144822e+02
   1.5765662e-02
   1.2840200e+01
   2.1166421e+01
   1.7572477e+01
   2.3437184e+01
   5.5904322e+01
   6.7266730e+01
   2.0524192e+02
   8.0052574e+01
   3.5126022e-01
   5.7847735e-02
   1.5971661e+02
   2.0825245e+02
   7.7651557e+01
   9.9129018e+01
   9.1463399e+01
   2.4171063e+02
   4.2746515e+02
   1.4637099e+02
   3.0397687e+01
   2.3257885e+01
   8.0614818e+02
   1.5330120e+03
   3.5521093e+02
   1.7703289e+02
   1.6493740e+02
   4.0983768e+02
   3.0660577e+01
   2.5192625e+02
   1.8586530e+02
   3.1889185e-01
   1.5265114e+01
   1.4350826e+01
   1.9208655e+03
   9.8264325e+02
   1.4604550e+03
   1.0171291e+03
   1.6323123e+03
   5.3846275e+03
   3.3973035e+03
   2.3137460e+03
   9.1100054e+02
   3.8893394e+02
   5.3881494e+00
   1.9059212e+01
   1.9420466e+02
   1.3158735e+02
   2.1315743e+02
   1.8088841e+02
   2.1499266e+02
   1.2578887e+03
   4.4372099e+02
   9.5004534e+01
   2.4507413e+02
   4.5211895e+01
   1.7325841e-01
   1.3598450e-01
   1.3287874e+02
   6.5018552e+03
   4.4128406e-02
   3.1292731e-02
   1.9613689e-02
   1.2101542e+01
   7.5303482e+00
   1.8330076e+01
   5.3350374e+00
   1.6682248e-01
   3.4239037e+01
   1.6239527e-01
   7.6818119e-02
   1.1637361e-01
   1.0958327e+02
   7.7612478e+01
   2.1645568e+01
   5.7615493e+01
   3.9217737e+01
   1.3779317e+02
   1.4243397e+02
   4.2959918e+01
   2.8261369e+01
   1.1924315e+02
   1.0387051e-01
   1.4695103e+01
   4.3898782e+01
   5.9758962e+03
   2.1129555e+03
   3.5723594e+02
   1.8457730e+02
   1.5222313e+02
   1.3167930e+02
   1.1678696e+02
   2.7822454e+02
   7.3300563e+01
   9.0056984e+01
   8.3377387e+01
   1.3070965e+02
   1.4436355e+02
   3.6335891e+02
   7.8462620e+02
   2.5521432e+02
   3.1619522e+02
   3.4402897e+02
   1.1750357e-01
   3.3952916e+01
   2.1511360e+01
   1.7497804e+01
   2.0470372e+01
   1.8419061e+02
   2.5857100e+02
   8.9619916e+01
   2.1268277e+02
   6.5041189e+02
   1.0535936e+03
   4.2590653e+02
   6.0261834e+01
   8.8619050e+01
   8.5569624e+01
   1.3338118e+02
   8.3101779e+03
   1.3920438e-02
   8.9579538e-03
   1.0212455e-01
   5.7774919e-02
   3.6129611e+01
   1.2141653e+01
   4.1025756e+00
   1.3503413e-02
   1.1676642e-01
   3.5423570e-01
   6.1603460e-02
   9.6848407e-02
   1.7742185e+02
   1.6177041e+02
   1.8986336e+02
   1.0454929e+02
   3.1301131e+02
   9.7866019e+01
   1.0321523e+02
   1.9426379e+02
   7.0561393e+01
   4.0380597e+01
   7.9255155e+01
   4.9036880e+01
   2.2547517e+01
   3.1147400e+02
   9.7205200e+02
   4.3245556e+02
   4.1601480e+01
   1.5980814e+02
   1.5527504e-01
   2.1039494e+03
   3.8500442e+02
   9.3091551e+01
   3.9761070e+01
   1.0705211e+02
   1.8001409e+02
   1.7075366e+02
   1.3310445e+02
   8.6850962e+01
   3.3172999e+02
   3.1724633e+02
   8.6537936e-02
   4.9501857e+01
   1.1259432e+02
   2.2426828e+02
   1.4253810e+02
   1.0201692e+02
   1.1907977e+02
   2.1798885e+02
   2.8235341e+02
   3.9981219e-01
   7.3428374e-02
   5.8258027e+01
   1.0209599e+02
   1.9794982e+02
   1.0375976e+02
   5.7453868e+01
   7.9027714e+02
   1.0257632e+03
   5.5123732e-02
   2.4093290e-02
   3.6391263e-02
   1.5720313e-01
   2.2831017e-01
   1.7633677e-01
   1.1673801e-01
   2.1843506e-01
   8.4224900e-02
   5.5873804e-02
   6.9840591e-03
   1.0521672e-01
   3.8218368e+02
   2.8358994e+02
   6.3022617e+01
   1.1262879e+02
   5.1198621e+01
   1.7797301e+02
   1.3356834e-01
   3.7050980e+01
   3.9517294e+01
   1.7856832e+01
   2.5000217e+01
   6.1533959e+01
   5.3221465e-02
   3.4383368e-02
   8.6285077e+02
   7.5080814e+02
   7.8012715e+02
   3.0524517e+03
   1.0879480e+04
   1.2757024e+04
   2.1430788e+02
   1.6664947e+02
   3.0360942e+02
   1.9159703e+02
   7.0439837e+01
   2.6187621e+02
   5.9603926e+01
   4.6534382e+02
   3.7347017e+02
   3.2499017e-02
   1.5749031e-02
   5.5844262e+01
   2.4490088e+01
   1.2110818e+01
   8.7829494e-02
   2.6140851e+02
   1.9714623e-01
   2.0021751e+02
   1.2500920e+02
   4.3887054e-02
   8.5202183e-02
   9.7566501e-02
   2.5149991e-02
   7.1195835e+01
   6.9255470e+01
   8.8378043e+01
   2.9818782e+02
   3.3353536e+02
   2.3197154e-02
   2.8597624e-02
   6.4290609e-02
   5.5765920e-01
   5.0154441e-01
   1.9303555e-01
   1.4210102e-01
   9.4514146e-02
   1.0037077e-01
   5.0514591e-02
   3.1740127e-02
   1.0182286e-02
   4.9957193e+02
   5.1666999e+02
   5.1034060e+02
   2.0541943e+02
   7.2540247e+01
   6.7534982e+01
   6.0892306e-01
   8.9651424e-02
   4.3727988e-02
   2.0742645e-01
   4.1325966e+01
   2.0366727e+01
   2.1554597e+01
   9.5825880e+01
   1.7979064e+02
   1.5085908e+02
   1.6288488e+02
   2.9103882e+02
   5.1501464e+02
   5.7013244e+02
   5.7678807e+02
   1.0755323e-01
   8.7639252e+00
   4.9494956e+01
   4.7952619e-01
   1.0152097e-01
   1.0657388e+00
   1.3652633e-01
   9.1161057e+01
   6.3191163e-02
   1.1548836e-01
   7.3299677e+01
   1.0573325e+02
   1.8319954e-02
   5.6100858e-02
   3.6792383e-02
   5.0920874e-02
   2.3552008e-02
   2.0668939e-02
   1.5744419e-01
   1.1200462e-01
   4.4029360e-01
   4.4335810e-01
   1.8733992e-02
   9.1010461e+01
   5.5938884e+01
   4.9255697e+01
   5.8548880e-02
   6.6646077e-03
   2.9006048e-02
   1.0501063e-01
   1.1785154e-01
   2.4559616e-01
   8.2579538e-02
   5.2327410e-02
   2.9142606e-02
   1.3117932e-01
   1.8243607e-01
   3.3324983e-01
   1.0236071e-01
   7.9090410e+01
   3.8530733e+02
   3.2750895e+02
   2.6793522e+02
   3.1279619e+02
   1.0589112e+02
   5.0041275e+02
   7.6550750e-02
   5.8546133e-02
   3.2633493e-02
   5.4193668e-02
   8.5016692e+01
   8.0458286e+01
   1.0944039e+02
   1.4850077e+02
   1.8108902e+02
   4.6095613e+02
   4.7733506e+02
   1.1027566e+03
   1.1310058e+03
   3.9767097e+02
   2.4276172e-02
   4.9290283e-02
   3.0074349e+01
   1.2405622e+02
   3.3539450e-01
   1.1564195e+00
   1.6967057e+02
   2.3346132e+02
   1.0676502e-01
   2.9567874e-01
   8.3792222e+01
   3.7799844e-02
   2.9399077e-02
   4.9113302e-02
   2.0799691e-02
   1.0099200e-01
   3.4016927e-02
   1.6607663e-01
   1.5871624e-01
   1.5200479e-01
   5.4201446e-02
   1.4157112e-01
   7.4917364e-02
   4.6373154e-02
   1.1159625e+02
   3.1698205e-02
   1.3197845e-01
   1.4064978e-02
   1.6007062e-02
   5.4321409e-02
   8.8392269e-01
   4.4204965e-01
   1.0076982e-01
   9.2815927e-02
   6.1190621e-02
   3.1299251e-02
   8.5841374e-02
   3.5586118e-01
   2.0930202e-01
   2.0286576e+02
   5.1540668e+01
   9.8569685e+01
   8.2113857e+01
   4.4345548e+01
   1.3351584e+02
   3.8735082e+02
   7.9814907e-02
   8.8934542e-02
   1.8262321e-01
   1.3624586e-01
   1.7606321e-01
   5.3096524e-01
   1.4062248e+02
   2.0701068e+02
   1.7860670e+02
   3.7410782e+02
   3.3330606e+02
   3.4115108e+02
   3.1252397e+02
   1.9395658e+01
   9.5910870e-03
   2.6983676e-02
   5.1402984e-03
   1.5188481e+02
   6.1990683e+01
   3.6022206e-01
   3.8675369e+01
   4.9964549e+01
   9.7721405e-02
   4.5196942e+02
   9.0629969e+02
   6.1913333e-02
   1.7791567e-02
   3.1703381e-02
   5.6020665e-02
   9.0856426e-02
   9.9227002e-02
   9.4173889e-02
   6.4177867e-02
   1.3736093e-02
   1.1484743e-01
   9.9839515e-02
   1.7946969e-02
   4.2099526e-02
   1.6469626e-02
   1.2496581e-02
   1.6655387e-02
   1.8423249e-02
   2.2704182e-02
   9.8160236e-02
   1.5986510e-01
   2.1392613e-01
   6.7065801e-02
   5.8748309e-02
   1.0172652e-01
   1.1612980e-01
   1.0542601e-01
   3.3856320e-01
   1.1669905e-01
   1.4059845e+02
   2.2220155e+02
   6.0002003e+02
   5.7055298e+02
   6.5776965e+02
   7.3395584e+02
   7.4086606e+02
   5.0491338e+02
   5.5755353e-02
   2.4180013e-02
   1.1539642e-02
   1.9352029e-02
   3.0116172e+02
   7.4923953e+02
   9.7767861e+01
   1.5224854e+02
   1.1369577e+02
   1.0921803e+02
   1.6251135e+02
   1.1610170e+02
   1.7662662e+01
   1.4715956e+01
   1.1057195e-01
   5.4514391e-02
   8.6620510e-02
   2.6235248e+02
   1.6063087e+01
   3.5026884e+01
   1.6870835e+01
   1.5538168e+01
   1.3603153e+01
   3.7657336e+02
   4.6141116e-02
   7.7510855e-02
   2.2513316e-01
   6.7474671e-01
   1.4975664e-01
   1.0441437e-01
   1.3458648e-01
   8.4992024e-02
   1.8686916e-01
   7.1246270e-02
   8.0255250e-02
   1.1439154e-02
   8.8538490e-03
   1.5694843e-02
   7.1741382e-03
   2.1028088e-02
   1.9404766e-02
   4.0137350e-02
   8.3136448e-02
   4.3546557e-02
   8.4090448e-02
   3.2002525e-02
   5.8711622e-02
   2.5766976e-01
   1.0809341e-01
   7.7554193e-02
   6.8390421e-01
   1.0002733e+00
   1.3010221e+02
   3.6226177e+02
   3.1867709e+02
   1.1850293e+03
   1.6336925e+03
   7.3764460e+02
   1.0202315e+03
   2.1683161e+03
   3.2488893e-02
   2.4944792e-02
   1.7823378e-02
   9.2814343e-02
   4.3353855e+01
   4.2228172e-02
   3.7226764e-02
   4.9853387e+02
   1.0003453e+02
   1.4796891e+02
   5.8279364e+01
   2.2141031e+02
   1.3361712e-01
   6.4356414e+01
   8.7491165e+01
   4.3621802e-02
   2.3392229e-02
   5.2089535e+01
   5.0939760e+01
   4.0607495e+01
   1.1961584e+01
   1.7126781e+01
   7.8357350e+00
   2.0613567e+01
   5.8365950e-02
   2.4923045e-02
   1.2039117e-01
   8.4054631e-02
   1.8170971e-01
   7.3150395e-02
   1.4212692e-01
   2.6927224e-01
   1.5283970e-01
   4.8592065e-02
   1.3234963e-01
   2.7506947e-02
   1.1412530e-01
   3.2179541e-02
   1.8193364e-02
   8.4867174e-03
   1.3387769e-02
   2.3391563e-02
   8.7116216e-02
   6.5475873e-02
   8.9707753e-02
   1.8688743e-01
   7.1012103e-02
   4.5867989e-02
   1.1728934e-01
   8.2204291e-02
   5.1160859e-02
   2.6810968e-01
   1.1050209e+02
   1.0530030e+02
   2.1444622e+02
   7.0425143e+02
   1.2361477e+02
   2.2183383e+02
   2.3955318e+02
   4.4469188e+02
   1.0013184e+02
   4.0291673e+01
   6.5557721e-02
   1.0047649e+01
   7.8263051e+00
   2.5759201e+01
   6.6078960e+01
   1.2900163e+02
   1.0891437e+03
   5.1939057e+02
   1.4280316e+02
   5.6778539e+02
   9.6103222e-02
   3.7914787e-02
   4.4706067e+01
   2.4709649e+02
   2.1650527e+02
   9.1043285e+01
   2.2541998e+01
   5.7870914e+01
   9.1705049e+01
   1.1246649e+02
   7.2014553e+01
   4.3521446e+01
   1.4410423e+01
   5.3663092e-02
   4.4450676e-02
   9.0338841e-02
   3.3553599e-01
   3.0965809e-01
   1.9739957e-01
   2.2269775e-01
   6.4354182e-02
   7.6648551e-02
   1.9714484e+01
   2.5746341e-02
   5.5729324e-02
   2.3979835e-02
   1.6984914e-02
   8.9066331e-03
   1.5299470e-02
   2.2117314e-02
   5.8031571e-02
   4.1912385e-02
   2.8167398e-01
   1.0072231e-01
   1.2475978e-01
   1.6417678e-01
   8.0199443e-02
   3.0128423e-01
   2.2106242e-01
   2.3522482e+02
   3.5782656e+02
   5.5336628e+01
   2.9175690e+01
   4.9566992e+01
   1.3670366e-02
   3.4852526e+02
   1.7059838e+02
   3.6202487e+02
   2.9911552e+01
   1.3016456e+01
   2.4050091e+01
   5.0854459e+01
   5.2153165e-02
   7.3384488e+01
   2.2271219e+02
   4.3882851e+02
   1.0603334e+03
   2.2740634e+01
   8.1376023e+01
   1.1675510e+02
   8.7880711e+01
   3.3283365e-02
   1.0270584e+01
   3.1880281e+01
   2.3844622e+01
   7.5588822e+01
   2.8587062e+02
   8.8079918e+01
   2.6764161e+02
   3.6773219e+02
   5.4656797e+01
   1.0483612e+02
   7.0294581e+01
   5.7696228e+01
   8.9605591e-02
   1.0471174e-01
   8.2429582e-02
   3.3776168e-02
   1.7676669e-01
   1.9314962e-01
   5.0077912e+00
   8.9646436e+00
   6.2027058e+00
   1.3205814e+01
   5.3720242e-02
   2.3885128e-02
   2.3116853e-02
   3.2663912e-02
   1.5347150e-02
   2.0550356e-02
   1.0072435e-02
   1.6095451e-01
   1.6484877e-01
   1.7773964e-01
   3.9205583e-02
   7.5553268e-02
   6.8960240e-02
   1.5978932e-01
   4.5313194e+01
   1.9609153e+02
   1.2353697e+02
   1.4752827e+02
   7.3907682e+01
   2.1985254e+01
   3.0897617e+01
   1.7028156e+02
   2.7105402e+02
   4.4620421e+02
   1.7717393e+02
   2.4552302e+02
   3.8638367e+00
   1.4861516e+00
   5.1517819e+01
   7.2755670e+01
   1.3030490e+02
   1.4135205e+02
   1.1305884e+02
   1.7462858e+02
   1.0444291e+02
   6.4312362e+01
   4.4580062e+01
   4.9873304e+01
   1.3490198e-01
   1.2007039e+02
   6.9008764e+01
   3.5406062e+01
   1.2686074e+02
   1.0472761e+02
   2.2014598e+01
   2.6187758e+01
   2.5609248e+01
   6.2951481e+01
   1.3776077e+02
   7.6170631e+01
   1.0134538e+02
   5.7101440e+02
   5.9963163e+02
   1.5155310e-01
   1.3604609e-01
   2.2219682e+01
   1.0396508e+02
   9.7740901e+01
   4.2694467e+01
   3.6776187e+01
   1.6945692e+01
   2.2984179e-01
   1.3707233e-02
   2.0749809e-02
   1.3135985e-01
   2.8192816e-02
   4.1623923e-02
   9.3034555e+01
   6.8742912e+01
   4.0231937e-02
   1.0887574e-01
   3.2650112e-02
   1.2564154e-01
   7.1501053e+01
   2.6947065e+02
   4.6079120e+02
   9.7736908e+01
   1.2203650e+02
   2.6306580e+02
   1.1771525e+02
   7.2455625e+01
   7.1879750e+01
   4.2121242e+01
   6.7133628e+01
   6.2775356e+01
   1.8413862e+02
   2.0644336e+02
   3.5399280e+01
   4.9858915e+01
   6.1773796e+01
   1.2059758e+02
   1.4862769e+01
   2.0244983e+01
   3.8502989e+01
   1.3628355e+01
   7.2551329e+01
   1.5750794e+01
   9.0148584e+00
   2.0799640e+01
   2.7541089e+01
   6.7432794e+01
   3.6249885e+01
   5.2400037e+01
   5.7372571e+01
   3.4181621e+01
   3.9940549e+01
   4.0245654e+01
   4.3798194e+01
   2.4029396e+02
   1.9535776e+02
   1.2479506e+02
   1.8090864e+02
   1.6364126e+02
   2.4804052e+02
   2.5264472e+03
   1.7928908e+03
   6.8625767e+02
   7.6297775e+02
   3.5020337e+02
   2.4410387e+02
   2.1406558e+02
   1.3407891e+02
   1.2009427e-02
   1.8862735e-02
   5.0611679e-02
   1.4207559e+01
   8.7964228e+01
   9.9334565e+01
   2.8502848e+02
   2.9808514e+02
   1.1172726e+02
   7.8630369e-02
   1.3935004e+01
   2.9819689e+02
   2.6465104e+02
   4.5487094e-02
   3.2935804e-01
   3.3170148e-01
   1.2513984e-01
   5.7721192e+02
   4.7727017e+02
   3.5031512e+02
   3.1067560e+02
   1.1665825e+02
   2.0210071e+02
   1.5348967e+02
   2.0793731e+02
   2.6986451e+02
   5.5200237e+02
   3.9637326e+01
   4.7717134e+01
   9.5172923e+01
   4.7440101e+01
   1.8507996e+01
   1.0850007e+01
   3.7155194e+01
   1.4775507e+02
   9.8948315e+00
   1.8429249e+01
   4.5853505e+01
   5.7483978e+01
   5.0431769e+01
   8.3953691e+01
   1.3705935e+02
   3.7315711e+01
   1.5992181e+02
   3.0284250e+02
   7.4650764e+01
   4.6805699e+01
   1.6229115e+02
   1.3920676e+02
   3.7200010e+02
   2.2914773e+02
   1.9596689e+03
   4.7712409e+03
   3.2316242e+03
   1.5137741e+03
   7.3686559e+02
   9.1668462e+02
   4.7187414e+02
   2.0262889e+02
   3.7097357e+02
   9.7110612e-03
   2.7724232e+01
   3.2709024e+01
   3.1392889e+01
   8.0315811e+01
   1.5728349e+01
   4.5250141e+01
   1.2376072e+02
   6.8288075e-02
   1.8828864e+02
   7.7456570e+01
   7.3954444e+01
   2.6891182e-02
   8.2861906e-02
   5.1404348e+01
   7.2332942e+02
   1.1557645e+03
   5.5129378e+02
   2.7700318e+02
   7.1469737e+02
   9.2504612e+02
   6.8367515e+02
   6.0492325e+02
   4.5266042e+02
   2.7648930e+01
   8.3786620e+02
   3.1776609e+01
   8.3107490e+01
   7.2923178e+00
   4.7926215e+01
   6.6903498e+01
   2.6476152e+01
   9.8790167e-02
   2.5005655e-01
   2.2404913e+02
   2.2977069e+02
   1.1336658e+02
   6.3141901e+01
   3.4473110e+01
   2.7769627e+01
   9.8489190e+01
   2.1643227e+01
   1.0432145e-01
   1.1076240e+01
   1.3872942e+01
   3.4388749e+01
   5.7881303e+01
   3.4076095e+01
   3.1795938e+01
   3.7103054e+01
   1.6140723e+02
   5.2106432e+02
   1.1544780e+03
   1.2689592e+03
   1.4795220e+03
   9.0904756e+02
   7.1623821e+02
   1.7689226e+03
   1.5851549e+03
   6.0671941e+02
   1.2627043e+02
   3.0107040e+01
   1.1385369e+01
   1.3969255e+01
   2.7705484e+01
   2.9278516e+01
   1.0282314e+01
   8.6046391e+02
   1.0345367e+02
   3.5366532e+01
   7.1090721e+01
   1.8571582e+02
   5.4017189e+02
   6.3681400e-02
   5.8361340e+02
   3.9382701e+02
   3.7321344e+02
   4.1407868e+02
   1.3782131e-01
   8.0032904e-02
   1.6274966e+03
   8.3267979e+02
   5.8053884e+02
   2.7611072e+02
   8.3263204e+01
   2.7383356e+02
   1.0482050e+02
   2.5019980e+01
   1.8716349e+01
   6.4038160e+01
   6.9453116e-02
   1.5507766e-01
   2.1488480e-01
   1.8132447e-01
   1.1919890e-01
   1.1244809e+02
   9.7028186e+01
   2.2094664e+01
   2.5107749e+01
   1.7932553e+01
   3.7971909e+01
   1.0139074e-01
   5.9932928e+01
   1.3425335e+02
   1.4856848e+02
   8.1897188e+01
   6.2003378e+01
   8.1457038e+01
   4.3537300e+01
   6.9094319e+01
   9.2693595e+01
   1.7961208e+02
   1.5424506e+02
   2.3295288e+02
   4.8476387e+01
   4.5361326e-02
   8.9458804e+02
   7.5679516e+02
   4.0966719e+02
   2.0048330e+02
   1.6955356e+02
   1.2613225e+02
   5.3038671e+01
   7.6049124e+01
   5.7926413e+01
   6.5182541e+01
   7.1576845e+01
   5.2617323e+01
   6.1985471e+01
   6.0981241e+01
   2.7934279e+01
   1.1681347e+02
   1.8983448e+02
   3.8503390e+02
   9.6633820e+02
   5.6631705e+02
   4.7351052e+02
   5.2858664e-02
   2.3730476e-02
   1.1311269e-02
   2.4821213e-02
   5.5471670e+01
   9.5222703e+01
   1.7721224e+02
   2.5445408e+02
   2.3440455e+02
   2.2716222e+02
   3.6738135e-02
   2.4359766e+01
   1.9824526e-01
   1.4514813e-01
   3.3628036e-02
   6.6653250e-02
   5.3995422e-01
   6.7918761e-01
   1.3075857e-01
   9.0454854e+00
   1.2356083e-01
   1.0664227e+02
   1.1137341e+02
   1.7255506e+02
   1.3804606e+02
   8.8375985e+01
   1.2367802e+02
   5.9191076e+01
   1.2463355e-02
   2.2164820e+02
   5.3196035e+02
   7.3869826e+02
   5.1087761e+02
   5.3410287e+02
   2.2106477e+02
   7.4755772e+01
   5.3745558e+01
   4.5275283e+01
   5.4481590e+01
   4.2874504e+01
   8.4422068e+02
   8.9401421e+02
   3.5930134e+02
   2.8549682e+02
   1.2316936e+02
   1.1376006e+02
   1.9879602e+02
   2.0904605e+02
   6.5890332e+01
   5.2543397e+01
   3.9620249e+01
   3.0368643e+01
   2.5427642e+01
   9.0258031e+00
   2.3237707e-01
   1.9110793e+02
   2.0999732e+02
   4.0262402e-01
   4.1602368e-02
   1.4156126e-01
   3.1290737e-01
   3.2689132e-02
   3.7292503e-02
   2.3503506e-02
   4.8865335e-02
   5.3352180e+02
   4.9846908e+02
   3.2293131e+02
   1.0449494e+02
   8.0181468e+01
   4.5969953e-02
   1.2568328e-01
   1.5350522e-01
   1.1923654e-01
   3.7723113e-01
   5.2910638e-02
   1.4079497e-01
   6.6521605e-02
   1.6761621e-02
   3.5691605e-02
   2.9418623e-02
   1.9744489e-02
   4.6173354e+02
   3.4692794e+02
   1.2041550e+02
   1.4658270e+02
   1.3950276e+02
   4.1158492e-02
   1.6319994e-02
   3.2486062e-02
   5.3269109e-02
   2.0361885e+02
   9.9417437e+01
   1.9991856e+02
   5.0087010e+01
   2.2636108e+01
   1.9388201e+02
   7.3576013e+01
   9.5891832e+01
   9.6688094e+01
   8.9629656e+01
   3.7826096e+02
   1.2618962e+02
   3.6431573e+02
   6.6615887e+02
   7.3643892e+02
   1.6624078e+03
   5.0807628e+02
   5.0074405e+01
   2.1304994e+01
   2.2718212e+01
   1.4750792e+01
   8.3682850e+00
   2.2516216e-01
   2.7887567e-01
   2.1191874e+01
   3.8143611e+01
   2.2948101e-01
   1.3654330e-01
   2.7316865e-01
   1.0077924e-01
   2.3423678e-01
   1.6628886e-01
   1.4471436e-01
   1.0874037e-01
   1.0100755e-01
   1.8245857e-01
   9.2267613e+01
   1.5108742e+02
   1.0060679e-01
   2.9464569e-01
   1.8485131e-01
   6.5866964e-02
   1.1469988e-01
   2.1664206e-01
   9.4319928e-02
   4.8217233e-01
   8.6610098e-02
   1.0433363e-01
   4.7476264e-02
   5.7071561e-02
   4.8209717e-02
   4.1581141e+00
   1.0719555e+01
   2.0028163e+01
   1.7613712e+01
   1.5303794e-01
   8.2497048e-02
   5.0876121e-02
   6.4307204e-02
   1.0666851e-01
   1.1349973e-01
   4.1331095e+01
   2.3298448e+01
   6.6695538e+01
   7.1894179e+01
   1.1612210e-01
   2.1757335e-01
   1.5940062e+02
   2.2746718e+01
   1.9024334e+02
   5.7528881e+02
   6.5905879e+02
   9.7183977e+02
   2.0149398e+03
   8.3640766e+02
   1.5460322e+03
   6.4491537e-02
   1.4103372e+00
   5.4212662e+00
   7.8505764e+00
   3.7182485e-02
   4.6922466e-02
   3.6483685e-02
   8.0220273e-02
   1.2967933e+01
   1.0970544e+01
