   4.0141380e+02
   1.0720038e+01
   6.7503396e+01
   7.9386915e+01
   4.2862260e+01
   1.7218555e-02
   1.7605368e-02
   4.9420680e-02
   1.2541610e-01
   2.5396546e-01
   1.1915429e-01
   1.0041539e-01
   1.5848950e-02
   1.1021198e-01
   1.5508551e-01
   4.5732039e-02
   3.2405066e-02
   5.1420489e-02
   5.7836695e-02
   1.1473824e-01
   2.3894354e-02
   7.5672869e-02
   5.9481909e-02
   1.2747109e-01
   5.6841732e-01
   6.4206230e-02
   5.0870259e-02
   9.5220894e-01
   4.7449490e-01
   1.4526934e-01
   2.3658050e-01
   1.2002569e-01
   2.9924134e-01
   4.5769865e-01
   6.5544717e-02
   1.3593083e-01
   8.6335191e-02
   1.3388931e-01
   3.3112821e-03
   6.5514522e-02
   8.6884669e-02
   5.1716826e-02
   1.9129385e-02
   1.4797835e-02
   1.2006845e-01
   1.1820615e-01
   1.6838816e-01
   5.6770887e-02
   4.5806595e-02
   1.1571174e-01
   1.8090469e-02
   4.0001667e-02
   2.4154582e-02
   1.1686879e+00
   2.0628800e-01
   1.4610525e-01
   1.6435507e+01
   5.7931979e+00
   8.6493720e-01
   4.6453648e-02
   1.5454921e+02
   1.2414048e+02
   4.7129676e+02
   1.2977974e+02
   8.1533807e+01
   2.2633436e+01
   5.9042735e-03
   1.7797995e-02
   2.8525306e-01
   7.2210395e-01
   1.0005905e-01
   6.7879304e-02
   2.0069195e-02
   5.8995715e-02
   5.5190181e-01
   1.2619672e-01
   2.0968531e-01
   1.6149054e-01
   7.9277526e-02
   3.6745949e-03
   3.6304299e-02
   7.1796806e-02
   1.8463844e-02
   2.2088993e-01
   1.1999800e-01
   7.7877911e-02
   1.3063573e-01
   1.0933209e+00
   4.8872647e-01
   2.3198274e-02
   4.1591774e-02
   7.5598865e-02
   3.1647434e-01
   4.1431288e-01
   1.8738131e-01
   7.6258522e-02
   1.8052601e-01
   2.4819177e-01
   2.1474968e-01
   1.3113870e-01
   5.6442938e-02
   1.5458633e-01
   1.0919560e-02
   5.6337273e-02
   7.5837925e-02
   1.5346010e-01
   1.7662375e-01
   3.7768386e-01
   2.6497588e-02
   2.7603184e-02
   4.6782711e-02
   2.4567621e-02
   8.1741912e-01
   5.1759390e-01
   3.0807250e-01
   5.7272019e+01
   2.6386691e+01
   1.6884881e+01
   9.7886531e+00
   4.8893293e-01
   1.6972314e+02
   8.6719211e+01
   1.2225506e+02
   5.4194494e+01
   1.1509633e+02
   1.1670344e+02
   2.4759660e-03
   4.2657949e-02
   2.0627252e-01
   1.8370561e+01
   1.5991180e+01
   2.2743706e+02
   1.9598434e+01
   2.0759836e-02
   2.2071155e-02
   1.1535572e-01
   4.7495778e-02
   1.5896921e-01
   8.2102441e-02
   2.4268819e-02
   1.1208069e-01
   1.4320494e-01
   2.3941931e-02
   3.1277608e-02
   4.6682121e-02
   8.1166347e-02
   1.2076013e-01
   1.4526375e-01
   1.0791589e-01
   7.8698957e-02
   1.7784463e-02
   6.2652189e-01
   6.7907570e-02
   5.4827907e-01
   7.0787419e-02
   1.9589810e+00
   3.4945354e-01
   1.2135796e+00
   1.7480269e-01
   9.8902056e-02
   6.7762607e-01
   2.7331915e-02
   1.2076185e-01
   2.0518048e-01
   3.1520892e-02
   1.3900856e-01
   1.0550259e+00
   1.3921665e-01
   1.8863832e-02
   4.4107834e-03
   1.0960620e-02
   6.4014306e-02
   1.8350140e-02
   1.0603588e+00
   8.2949977e-02
   1.5983730e+02
   9.4275230e+01
   4.4054363e+01
   5.5016632e+01
   6.1387004e-04
   1.5703514e+02
   2.4235153e+02
   2.1410036e+02
   2.1165546e+02
   4.1845970e+01
   3.9680346e+01
   3.0119764e+01
   2.7885885e+01
   3.7051523e+01
   8.9619036e+01
   1.8700961e+02
   2.2454564e+02
   1.1762081e+02
   1.5018491e-05
   2.0076113e-01
   6.4520778e-03
   1.0870050e-01
   9.4846509e-02
   5.8723377e-02
   1.9231666e-02
   1.8499589e-01
   2.3040719e-01
   1.3865146e-01
   9.5872146e-03
   1.1475172e+02
   5.3933047e-03
   7.0103555e-02
   4.5083114e+01
   1.0146465e+01
   3.9924786e+01
   6.1489462e-03
   3.4711961e-02
   6.3791349e-02
   1.2423969e-01
   2.2926651e-01
   3.2862972e-01
   2.7423974e-02
   4.4636637e-02
   2.7284444e-01
   7.1120730e-02
   1.0513914e-01
   1.0926601e-01
   7.2321464e-02
   2.8944175e-02
   1.6645281e-01
   2.4520315e-02
   1.0182925e-01
   3.5445162e-02
   7.3509182e-02
   2.3032856e-01
   8.6410037e-02
   1.4833330e+00
   3.9426344e-02
   4.7878494e-01
   3.0362965e-01
   7.2017856e+01
   1.2067051e+02
   1.2459937e+02
   1.4080357e+02
   9.9543571e-05
   1.4366269e+02
   1.2913693e+02
   2.1497514e+02
   1.9514748e+02
   1.8333944e+02
   1.5702733e+02
   6.7773316e+01
   1.8958773e+01
   2.3118216e+01
   1.2695933e+02
   8.8803062e+01
   1.3586434e+02
   1.0824564e+02
   1.8197583e-02
   8.1234504e-02
   6.6159697e-02
   2.4328693e-01
   2.6186259e-02
   7.7651421e-02
   1.3066931e-02
   8.7150152e-02
   3.9428663e+02
   3.0367985e+02
   1.2037843e+03
   4.7213022e+02
   2.1843814e-02
   4.1374737e-02
   2.5653122e+01
   3.0709246e+01
   3.0722403e+01
   4.7141474e+00
   1.5859148e-02
   1.3003485e-01
   8.0806758e-02
   2.3795476e-01
   1.5843536e-01
   5.1300848e-02
   2.4980359e-02
   4.3711786e-02
   3.3108882e-03
   8.0329688e-02
   8.7986629e-02
   1.1246050e-01
   5.5740681e-02
   3.9547794e-02
   6.9316951e-03
   2.6296068e-02
   3.2852324e-02
   1.7063384e-02
   2.7859064e+03
   6.6963332e+03
   5.1462210e-02
   3.6003705e-02
   1.0332111e+02
   2.6829170e+02
   1.5059828e+02
   4.4737249e+01
   2.3952722e-02
   5.6181248e+01
   7.2789450e+01
   1.4190029e-02
   3.7842275e-01
   5.2071666e-01
   9.6117492e-02
   1.6762856e+02
   1.0486079e+02
   2.2857815e+02
   3.5710372e+01
   2.6214943e+01
   3.0331472e+01
   2.9070089e+01
   1.8262596e+01
   1.4720144e+02
   5.3091593e+01
   2.7443691e-01
   3.6398766e-01
   1.0299542e-01
   3.8600828e-02
   1.3131256e-01
   5.4525766e-02
   2.3029179e-01
   1.1539242e+03
   1.8507868e+03
   4.8387609e+02
   1.1478673e+03
   1.6319586e-01
   1.0509290e+02
   1.7092505e+01
   1.4992404e+01
   4.5019280e+01
   8.5179881e+00
   1.9821516e+01
   7.9565181e-02
   2.5460452e-02
   2.6187501e-01
   4.5496752e-02
   1.5788727e-01
   1.6245907e-02
   5.4740118e-02
   4.0373311e+02
   1.2905078e-02
   3.1259610e-02
   1.4677786e-02
   4.6072838e-02
   3.8787589e-02
   1.0152352e-01
   4.5497805e-02
   1.8366152e-02
   4.0056407e-02
   4.8820818e+02
   1.9859462e+03
   6.8785266e+01
   3.2651132e+02
   7.0649121e+01
   6.6066691e+01
   2.0580974e+02
   1.1475809e+02
   1.8962742e-02
   2.2126447e-01
   2.6850080e-01
   6.0991526e-02
   2.8004178e-01
   2.8697597e-01
   9.6614557e-02
   2.5984863e-02
   4.9798373e+01
   3.5252544e+01
   2.1358852e+01
   1.9942162e+02
   1.4435825e+02
   5.1853207e-03
   1.3769239e-01
   5.7336089e-02
   1.2691559e+02
   2.4842464e+03
   3.1945716e-02
   3.1577291e-01
   1.4371241e-01
   4.0967234e-02
   9.0961077e-02
   1.6922592e+03
   1.1640231e+03
   2.5838992e+03
   1.8251255e+00
   6.1211515e+03
   2.7843485e-01
   4.8093268e+01
   3.1428153e+01
   2.4369456e+01
   6.2012269e+01
   4.7678975e+01
   1.1035464e+02
   4.9225460e+01
   4.0317157e-02
   7.2912602e-02
   7.7367784e-02
   5.0527816e-01
   4.6396119e-02
   1.4622560e-01
   1.4641969e+02
   4.1494826e+01
   5.9924012e-03
   4.6869865e+02
   1.3157959e-02
   1.0489660e-01
   1.7903706e-01
   4.4813894e-02
   9.4940606e-02
   7.4344279e+01
   1.3147641e+01
   5.5460788e+00
   3.5608555e+01
   4.6517420e+01
   1.6137261e+01
   5.3634619e+01
   3.3899790e+01
   6.4261430e+01
   1.2166601e+03
   6.9488155e+02
   2.7573216e+01
   3.1314680e-01
   1.9215353e-02
   3.3247009e-01
   1.8813859e-01
   3.5265275e-02
   9.2867265e+00
   5.1859193e+00
   1.7098724e-02
   3.2583276e+02
   1.8747629e+02
   1.1563766e+02
   1.6139684e+01
   4.9478942e+01
   1.6083834e+02
   4.0355809e+02
   4.0530688e+02
   1.8312887e+00
   2.3421793e-01
   3.3083619e-02
   3.6438193e+03
   3.5196694e+02
   4.8162525e+02
   1.3846676e+03
   4.7086315e+01
   4.3211088e+01
   2.0679911e-03
   2.7012917e-02
   7.9834278e-02
   5.9191030e-02
   2.0347089e-01
   1.1971967e+01
   5.1773756e+01
   1.1796604e+02
   2.8331334e-02
   2.0855826e-01
   2.9343065e-02
   1.8505661e+00
   4.1485095e-02
   6.0913089e-02
   6.6904554e-02
   1.7914282e+02
   2.2919716e+02
   3.5818367e+02
   5.4383370e+02
   3.7761722e+02
   9.1278781e+00
   1.3852184e+01
   1.1743190e+01
   7.4096591e+03
   1.4386584e+00
   8.9440855e+00
   1.4548020e+01
   1.5957459e+01
   1.6775419e+01
   2.8585885e+01
   6.8310554e+01
   8.9074895e+00
   1.5162021e+03
   3.3907118e+02
   2.2289802e+02
   1.2369303e-01
   3.9604286e-01
   1.1015938e-01
   2.7070825e-01
   1.0042714e-02
   7.2755006e-01
   1.1750688e-01
   1.0032779e-01
   4.3856027e+03
   1.7133145e+03
   6.4626484e+02
   6.3547605e+01
   7.1986235e-04
   7.4003220e-02
   6.5567057e+02
   8.0172725e+02
   2.3661987e-04
   3.4852690e+02
   2.2762950e+03
   2.6626808e+03
   8.9562567e+01
   5.2320748e+01
   1.9106007e-01
   6.9351417e-02
   1.0419047e+02
   1.6964367e-04
   6.4181990e-02
   1.5017055e-01
   4.1493859e-02
   8.1480648e-03
   1.9375996e-03
   4.2602510e+01
   6.3964242e+01
   3.4508820e-02
   1.2115568e-01
   7.6430341e-02
   5.0480825e-02
   9.3098735e+01
   1.2889085e+02
   8.2770724e-02
   1.2684348e+02
   1.1414014e+02
   6.9738860e+01
   5.4034738e+01
   6.5335756e+01
   6.8890645e+01
   5.6942550e+00
   3.5289546e+03
   2.7695117e+03
   2.3737025e+02
   4.7633456e+00
   4.5311156e+01
   6.7217258e+01
   2.5878107e+01
   4.1457813e+01
   2.2555812e+01
   1.9878220e+01
   2.4435245e+03
   5.8878255e+01
   1.0323251e+02
   3.5640192e-02
   2.2102453e-01
   5.7773478e-02
   1.5694620e-01
   1.1897299e-01
   1.8561397e-01
   9.7161679e-02
   6.3755265e-02
   2.2106295e+03
   3.1234674e+03
   2.4557753e+03
   9.5209936e+02
   6.9482507e-03
   3.0590078e-01
   8.9641667e+01
   3.2344909e+02
   1.2267837e+02
   5.4487322e+02
   9.1720096e+01
   2.2323831e+02
   2.5924127e-04
   2.7553274e-01
   1.7710309e-01
   1.8643065e-01
   7.8868447e+01
   2.3518310e+01
   1.6578616e-01
   2.5769663e-01
   1.4159793e-01
   6.6164475e-01
   8.7511958e-02
   2.3764201e+01
   3.5087158e+01
   1.1248800e+00
   5.6790512e-01
   5.1996244e-01
   3.2366098e+03
   8.5958266e+02
   9.6560305e+02
   1.2328624e+03
   3.7954933e+01
   3.1118029e+01
   2.4658005e+02
   1.0208601e+01
   1.3769109e+02
   3.2412587e+02
   1.6414941e+02
   1.3866260e+02
   4.4803341e+02
   2.8068089e+02
   4.9183157e+01
   4.5524981e+00
   2.1076305e+01
   8.5477449e+02
   3.1131643e+02
   7.8668866e+02
   1.3601750e+03
   1.3276006e+03
   9.7619536e-03
   7.4867864e-02
   8.6718280e-02
   3.4538941e-02
   7.9713578e-02
   1.9900040e-02
   1.4277467e-01
   3.8113757e-02
   7.7679830e+01
   3.2126677e-04
   2.7603568e-02
   1.2361884e+04
   1.3921561e+03
   2.1189987e+03
   4.1816297e+03
   1.7520846e-01
   2.7093020e-01
   8.2237909e+01
   3.8660701e+01
   1.5245398e+02
   6.2918614e+01
   1.1636651e+02
   1.4744277e-03
   3.3534662e-01
   2.6823778e-02
   2.1801135e-01
   3.9906971e-02
   3.9141933e-01
   1.3248760e+00
   2.6618294e-01
   7.1124332e-03
   1.2957736e-01
   4.3629397e-02
   7.8509633e-01
   1.4117126e+00
   2.1589257e-01
   2.5222613e-02
   6.2191824e+02
   2.3350196e+02
   1.2704975e+02
   2.2145016e+02
   8.8687527e+01
   4.5160870e+00
   8.1697657e+01
   3.8835576e-03
   1.8847301e+02
   1.1809772e+03
   1.2479636e+03
   1.1599763e+02
   1.2303110e+01
   6.7698938e+01
   5.3636828e-03
   8.1338743e+00
   3.1331072e+01
   2.7177091e+01
   7.6745679e+02
   4.8879437e+03
   9.5525552e+02
   9.8976688e+02
   2.7358621e+02
   5.9639516e-01
   8.3879196e-03
   4.8109002e-02
   1.8618395e-02
   3.0885304e-01
   5.2717623e-02
   8.8542125e-02
   2.8526344e-02
   3.1161510e+02
   5.6703589e-02
   1.0844990e-01
   1.1006738e-01
   5.4174504e+02
   2.5303092e+03
   2.0834331e+03
   1.0895405e-06
   1.1929193e-01
   1.2580441e+02
   1.8411472e+02
   1.8343644e+02
   5.1277312e+02
   1.5422970e+03
   8.2363596e-02
   8.7730518e-02
   6.1183078e-02
   2.1177665e-01
   8.7824006e-02
   1.9712006e-01
   9.4077598e-02
   1.2938958e-01
   1.1983456e-01
   5.2292707e-02
   1.3365054e-01
   2.3876714e-01
   6.2121475e+01
   9.2665848e+01
   1.4627412e+02
   1.7560167e+02
   1.4627665e+03
   1.0682527e+03
   1.9441045e+02
   1.3967616e+02
   1.6433864e+02
   1.1991874e+02
   6.4788681e+01
   2.3479517e+02
   6.1070552e+02
   4.1590530e+02
   6.4798405e+02
   1.5799351e+03
   2.8110417e+00
   4.5262924e-03
   9.8772244e-02
   1.1953810e+02
   1.1282396e+01
   6.2879332e-02
   1.6463698e-01
   3.5201307e+03
   5.3101413e+03
   4.7890667e-02
   5.5469482e-01
   4.5750016e-02
   2.8700314e-01
   1.8741653e-02
   1.1011265e-01
   9.2290495e-02
   3.1771980e-02
   1.4181452e-01
   1.0294562e-01
   1.0241444e-02
   8.8748192e-02
   1.2088253e+00
   4.5149401e-02
   5.8258012e+02
   3.4321677e+03
   2.5142596e+03
   9.7503508e-02
   1.2061168e+02
   9.8020233e+01
   7.0561300e+01
   6.7478311e+01
   8.9126803e+01
   2.3483043e+02
   6.0236291e+01
   7.6358296e+01
   8.8042512e-02
   1.3694590e-01
   5.6424696e-02
   1.0704178e-01
   1.8271568e-01
   1.7889008e-01
   2.9706974e-02
   1.2365106e-01
   1.6610068e-01
   5.2825583e+01
   1.5785350e+01
   3.1123209e+02
   1.3930436e+01
   1.0643286e+02
   3.1556635e+02
   1.5918896e+02
   1.2171230e+02
   8.7292502e+02
   1.1995595e+03
   4.1940336e+02
   2.1250492e+02
   1.5364116e+03
   1.9152823e+03
   2.0004578e+03
   3.8167016e+02
   5.3179606e+01
   1.8357726e-03
   1.3335412e-01
   1.3347198e+02
   2.4457181e-04
   1.5677513e-01
   2.8149292e-01
   4.2529728e-02
   3.6947763e-01
   8.8796331e+01
   6.4748678e+02
   4.5824769e+02
   7.4047975e-01
   1.4593570e-01
   1.6284538e-01
   8.5111896e-02
   1.7025878e-02
   2.6303417e-02
   4.0210034e-02
   6.4921776e-02
   1.3982179e-01
   7.9275597e-01
   1.0632356e-01
   2.4195818e-02
   1.0143862e+03
   1.0829168e+04
   7.7782664e-02
   1.1939756e+02
   8.8840883e+01
   1.1216326e+02
   4.2632668e+01
   5.3678936e+01
   1.4319712e+02
   3.3657059e+02
   2.0423323e-04
   2.2314952e-01
   9.7940722e-01
   1.1493699e-01
   1.8879700e-01
   2.8661177e-01
   1.2294805e-01
   1.0892283e-01
   9.4828121e-02
   1.2803476e+02
   1.2204774e+02
   1.4468174e+02
   1.3115875e+02
   2.1474760e+02
   8.7826531e+01
   2.5071303e+02
   1.4665795e+02
   1.9241821e+01
   3.8568514e+01
   9.4949685e+02
   6.6062499e+02
   2.5167636e+02
   5.8056436e+02
   5.4021516e+02
   1.3737829e+01
   9.9755494e+01
   2.8722606e+02
   3.2730732e+01
   3.2208799e-02
   3.0638899e-01
   3.1274045e-01
   3.5389815e-01
   1.7637463e-01
   6.3777517e-02
   1.9586688e-02
   3.0712440e+02
   1.0568512e+03
   4.9671358e+03
   8.8536310e-01
   3.9702888e-02
   3.7083337e-01
   1.1254731e-02
   2.1253938e-01
   8.2422934e-02
   3.1897176e-01
   3.7846274e-02
   6.4308522e-02
   6.6300905e-02
   1.2335375e-01
   4.0223989e-02
   3.1146524e-02
   1.9281931e-01
   4.8913528e-07
   1.3579309e+00
   5.3167867e+01
   6.0780866e+01
   6.8956730e+01
   1.8834079e+01
   1.3916354e+02
   4.4316450e+01
   4.5410129e+02
   5.1314342e-02
   2.7055921e-01
   3.4666738e-02
   8.4530489e-02
   1.5847283e-01
   6.6434253e-02
   1.0876381e-02
   2.7347073e-02
   9.5801882e+01
   3.6126595e+02
   5.5722893e+01
   4.8851744e+02
   1.9622983e+02
   7.7109000e+01
   1.6373742e+02
   8.9678038e+01
   9.0600546e-02
   2.7443437e-02
   6.1400241e+02
   4.5377030e+01
   1.3916223e+02
   2.0919804e+02
   1.7437327e+02
   5.6117434e+01
   4.4937087e+01
   1.0855068e-02
   1.7545227e+02
   1.1609896e-01
   1.6679670e+00
   3.1733096e-01
   9.0682667e-02
   1.5690884e-01
   1.1072816e-01
   6.3505234e+02
   4.0306862e+02
   2.1466891e+03
   4.8239076e+02
   7.4135712e-02
   7.5601167e-03
   1.0498933e-01
   1.6431361e-02
   4.5292994e-02
   1.3770944e-01
   1.2344899e+00
   4.3590128e-02
   5.1704855e-02
   1.4989493e-01
   9.6877818e-02
   2.8727065e-02
   7.3880388e-01
   1.5634840e-02
   7.1968948e-02
   2.7830425e-01
   5.2767795e+01
   3.4770647e+02
   1.5899864e-02
   2.7977695e+02
   1.4147494e+01
   2.3499422e-02
   4.4737647e+02
   2.5120404e+01
   1.7138969e-01
   2.0558750e-01
   1.3621498e-01
   2.4763709e-01
   1.0639287e-01
   1.8449541e-01
   4.4227713e-01
   1.2471359e+02
   8.7910112e+01
   1.7996351e-02
   3.2258332e-02
   3.6857080e-02
   1.0350237e-02
   1.6161662e-02
   1.2804037e-01
   6.9755287e-02
   5.2561275e-02
   6.8896458e-01
   1.3607073e-01
   1.1097512e+02
   1.4257914e+02
   3.0201671e+01
   3.8422733e+01
   7.0086068e-03
   3.8148147e-02
   1.2009440e+02
   2.3500873e-01
   1.6903969e-01
   1.0735594e-01
   1.9873841e-01
   8.2907479e-02
   1.1465348e-01
   4.8168004e+02
   7.9778767e+02
   1.9804173e+03
   4.5469601e+03
   8.2028930e-03
   8.7593752e-02
   8.3630012e-02
   3.7656639e-02
   9.4959405e+02
   7.1109986e+02
   4.5245513e+01
   6.4207226e-03
   5.4767699e-02
   2.7109202e-02
   4.7137408e-02
   1.4663791e-01
   2.2735104e-01
   3.5999116e-01
   8.7295274e-03
   2.4546639e-01
   5.2084728e-01
   4.0247676e-02
   1.3466606e+02
   6.1941911e+02
   1.3342694e-04
   4.4022661e-02
   5.5474273e-02
   1.9221516e+02
   8.5843158e+01
   3.8082841e-01
   1.6112177e+00
   7.3161841e+00
   2.0467371e-01
   1.5263595e-01
   1.4227443e-01
   1.4597939e+02
   1.9032351e+01
   4.1791799e-02
   7.4499414e-02
   1.0895943e-02
   7.2636691e-02
   3.1836718e-02
   2.6211187e-01
   1.3882341e+00
   2.2834367e-01
   3.8151621e-01
   1.6656231e-01
   1.1353582e-02
   9.9405375e+01
   9.4301767e+00
   3.3343649e-02
   3.0460124e-02
   2.2875276e-02
   3.5460732e-02
   1.4030817e-01
   1.2669884e+00
   3.4570699e-01
   5.5838339e-01
   2.3011604e-01
   5.6518232e-02
   9.4302349e-02
   5.7134501e+02
   4.3151234e+02
   9.9708761e+02
   8.7571939e+02
   1.1373428e+03
   2.5857808e+03
   1.8944757e+03
   4.1231190e+03
   9.7172767e+01
   2.2272916e+02
   3.8862874e-02
   1.7834587e-02
   5.3292059e-02
   1.7654689e-01
   2.7749492e-01
   2.7752097e-02
   7.3516370e-02
   1.5264695e-01
   2.7190273e-01
   9.1857580e-06
   1.8903563e+02
   9.2373791e+01
   3.3971167e+02
   8.0222740e-04
   9.4300193e-03
   1.9137874e-02
   2.3691994e-03
   3.6639336e+02
   4.7303460e-01
   8.0800320e-02
   2.0375642e+02
   1.3106752e-01
   6.3338729e-02
   6.3067886e+02
   2.3194343e+02
   1.3855736e-01
   3.0915218e-02
   5.6971821e-02
   3.3053903e-02
   1.3535576e-01
   3.7348773e-01
   3.4977903e-03
   2.0158873e-01
   3.0092024e-02
   9.9269968e-02
   1.4115288e-01
   7.1351653e-02
   5.3826871e-02
   4.8142895e-02
   4.4577476e-03
   8.5707424e-03
   6.0524839e-02
   1.4828276e-02
   1.0171989e-01
   7.7776542e-01
   4.9400763e-02
   1.2302301e-02
   6.7938185e-02
   8.0310387e-02
   1.0076524e-01
   2.1494156e-01
   1.8221199e-01
   7.8285341e-01
   1.9521614e+03
   1.8149187e+03
   6.2925458e+02
   3.8511916e+03
   5.9139311e+03
   8.4328064e+01
   2.1503317e+02
   7.2684142e-06
   4.3886744e-02
   9.5131643e-03
   1.4887121e-02
   1.5760188e-02
   2.3863010e-01
   2.0577444e-01
   1.7919461e-02
   2.2948235e-02
   1.0148435e+02
   3.6679244e+01
   1.4589228e+02
   1.6298448e+02
   1.0724732e+03
   2.1369228e-02
   1.3917089e-01
   6.7493886e-02
   1.4596317e+02
   1.2842879e+01
   3.0025642e+02
   2.2013891e+02
   1.9774087e-02
   1.2662509e-01
   1.0280930e+03
   3.9455807e+02
   7.4194425e-02
   2.5757208e-01
   2.7938082e-02
   6.2668135e-02
   7.3260743e-02
   3.9035698e-01
   1.7394088e-01
   2.6378894e-02
   1.1417221e+00
   1.1747269e-02
   1.6708574e-01
   2.6269741e-03
   3.0538927e-02
   2.2333001e-02
   1.8715748e-02
   1.3256336e-01
   1.0638269e-02
   9.7258113e-02
   1.5378355e-01
   1.4023717e-02
   1.1607861e-02
   8.2964412e-03
   1.1048642e-01
   7.9974003e-02
   2.5125111e-02
   4.0235938e-01
   2.8606746e-01
   1.0210393e+00
   1.0197990e+03
   4.3423673e+02
   3.8690232e+02
   2.4284162e+02
   2.1622371e+02
   1.6718717e+02
   3.8447399e+02
   6.3868698e+02
   4.4118464e-02
   3.2880106e-02
   1.2149604e-02
   2.4673549e-02
   2.8163999e-01
   4.3858017e-02
   1.9333184e-01
   4.5896008e+01
   4.6034664e+01
   8.7593519e+01
   3.5802411e-02
   9.1396839e+01
   1.2741328e+03
   8.5243912e+02
   7.0894959e-06
   3.1210253e-01
   2.3526885e-02
   6.3445681e+01
   2.6816622e+02
   9.0111226e+01
   8.3310843e-02
   5.8188700e-01
   1.5048612e+03
   7.8665590e+02
   1.0419050e-01
   5.2757425e-02
   1.8400844e-01
   8.8937381e-02
   6.3953207e-02
   1.4402687e-01
   1.8665844e-01
   1.7544059e-01
   1.2168969e+00
   4.4270116e-02
   4.6642236e-01
   1.6808503e-02
   2.6555070e-02
   1.6566341e-02
   1.4877646e-03
   4.7927915e-02
   5.3652774e-03
   4.4407449e-02
   1.9264989e-02
   5.2067503e-02
   1.3528664e-02
   4.8742290e-02
   2.6053973e-02
   1.1611389e-01
   7.5992027e-02
   9.6221201e-01
   4.3015474e-01
   2.3977162e-01
   3.9345859e+02
   2.8167298e+02
   1.3345748e+03
   3.5252640e+02
   7.1008576e+01
   3.2065517e+02
   6.8477591e+02
   1.0220508e+02
   2.3875845e+01
   1.2726760e-02
   3.7373858e-02
   1.1326208e-01
   3.7209429e-01
   2.3930079e+02
   4.9639917e+00
   1.0673283e+02
   8.3730911e+00
   2.2110623e+01
   3.2890768e+02
   7.1657707e+02
   1.4208687e-01
   2.8166068e+02
   8.2595307e+03
   7.2709377e+01
   1.5802635e+02
   1.3293071e+02
   8.3576517e+01
   5.5573347e+01
   4.0533703e-02
   3.2889377e-01
   3.8112268e+03
   8.6112771e-06
   2.1687706e-02
   2.6481405e-01
   1.3329405e-01
   9.1197500e-02
   2.5630343e-01
   4.7187994e-02
   1.4344533e-01
   1.1174760e-01
   1.1974463e-01
   1.2928583e-01
   3.4047456e-02
   5.0525157e-02
   5.9963866e-03
   4.3830421e-02
   7.0288629e-03
   1.4642821e-02
   3.1087823e-02
   1.4352656e-02
   4.9074573e-02
   5.8199185e-02
   9.7301962e-02
   1.2549383e-01
   5.4716993e-02
   7.2056091e-02
   1.5182948e-01
   5.7023268e-01
   4.6564753e-01
   2.6616324e+03
   2.0253141e+02
   1.3445825e+02
   6.3262166e+02
   7.9848470e+02
   3.7709224e+00
   6.1560487e+01
   1.9685486e+02
   1.5500202e+02
   1.0999261e+02
   1.4320165e+02
   1.0463020e-01
   1.4504349e-01
   3.8227495e-02
   1.5070008e+02
   4.7042778e+01
   9.1778081e+01
   2.9147057e+01
   2.9292652e+02
   1.6699337e+02
   2.2066449e-05
   5.8980108e-03
   2.9574755e-02
   2.6666488e+04
   1.3333333e+04
   6.1194158e+03
   1.2263012e+02
   2.9988798e+01
   1.7560647e+02
   9.6187366e+01
   1.4035092e+02
   5.1387011e+01
   8.5928891e+00
   3.9442697e+01
   5.5328921e+01
   1.0025924e-01
   6.0910259e-02
   1.2839756e-02
   5.0496488e-02
   1.2174721e-01
   8.3564009e-02
   1.2890137e-01
   2.8897105e-01
   7.1716703e-03
   1.1391149e+03
   1.2937191e-01
   1.7570728e-02
   2.0146801e-02
   3.2557729e-02
   5.4225510e-02
   2.3388658e-02
   1.8446922e-02
   2.6516683e-01
   5.0368735e-01
   7.2463585e-03
   7.5145128e-02
   7.4691354e-02
   2.4716614e-01
   2.4237847e-02
   2.0803496e-01
   2.0128631e+03
   3.2173151e+02
   1.2915772e+02
   9.7906491e+01
   2.9237545e+03
   1.0354133e+03
   1.4449250e+01
   5.6676082e+01
   1.0217752e+02
   1.1617838e+02
   2.2994072e+02
   8.4986828e+01
   2.8057315e-03
   2.4750234e+02
   9.2321772e-05
   3.1034114e+01
   2.3036424e+03
   3.0143372e+02
   2.7597953e+02
   5.9251494e+02
   6.8478369e-07
   5.4758466e-02
   5.9336045e-02
   1.1249406e+04
   7.6720468e+03
   7.4998208e+03
   1.8720840e+03
   3.1702312e-05
   6.4549403e+01
   2.6374422e+01
   3.2526298e+01
   1.1370266e+02
   5.4989736e+01
   6.0607184e+01
   5.7006438e+01
   1.5031158e+02
   1.8331304e+02
   1.8902337e-04
   1.3714652e-02
   2.3986184e-01
   6.0002730e-01
   2.3122835e-01
   1.5781967e-01
   2.1406148e-01
   1.4613006e+03
   1.7124977e-05
   2.0186433e-01
   8.2291711e-03
   1.8284120e-02
   6.6759261e-02
   3.4919125e-02
   3.7218715e-02
   3.8426711e-01
   4.6833913e-02
   9.3816840e-02
   2.6181086e-01
   5.9463061e-02
   9.7794647e-02
   1.1451980e-02
   1.3886408e+00
   1.8843005e+03
   3.1405067e+02
   2.3040420e+02
   6.8337157e+03
   1.5895097e+03
   1.0526786e+02
   6.4035470e+01
   1.9890524e+02
   7.6336347e+01
   8.4631968e+01
   7.6781046e+01
   6.5163134e+02
   2.6466005e+02
   4.2450161e+01
   2.2842897e+02
   2.6282007e+01
   2.4146177e+03
   8.7968913e-02
   2.2573552e-01
   3.0613475e+02
   9.3655619e-03
   9.9077399e-03
   1.5974996e-01
   9.5201234e-02
   4.2802060e+03
   1.4301741e+03
   1.8604766e+03
   8.3613100e+02
   6.1303704e+02
   4.3139950e+01
   6.3949104e+01
   3.5743906e+01
   1.8621043e+01
   2.0785790e+01
   8.4915988e+01
   1.0920384e+02
   1.2076679e+02
   1.9665101e+01
   1.0978081e-02
   1.4027947e-01
   3.2999091e-01
   5.6207126e-02
   7.1515131e-02
   2.9204898e-01
   3.1003353e+02
   1.5761420e+02
   4.0791660e-02
   1.4973121e-02
   3.9946785e-03
   1.5424245e-01
   1.8155387e+03
   2.7937480e-05
   7.8913828e-02
   6.8410227e-02
   5.2898351e-02
   7.0103372e+00
   1.1421328e-01
   6.3643326e-01
   9.1331089e-02
   1.2739448e-01
   4.8123825e+02
   6.0413795e-02
   1.3355813e-01
   3.5994286e-02
   8.9831914e+01
   4.9690252e+01
   7.7616704e+01
   6.7137946e+02
   3.9645118e-05
   1.0792844e-01
   8.9883712e-02
   5.2667309e+02
   9.0511899e+02
   8.3396857e+01
   2.0227957e+03
   9.3823205e+02
   2.4631820e+02
   6.0728373e-01
   3.5814144e-01
   4.1859903e-01
   1.0852670e-02
   4.7655388e-02
   6.6330494e-02
   6.3368221e-02
   1.8932226e+02
   1.9317377e+03
   2.6357145e+03
   3.6914751e+03
   3.2133685e+03
   3.5686710e+02
   2.5481593e+03
   4.9389785e+02
   1.0056048e+01
   1.9154655e+01
   1.3200285e+01
   6.1239558e+01
   2.0346516e+01
   1.0932104e+02
   1.4246405e+01
   3.9537547e-02
   2.5108819e-01
   6.4906822e-02
   9.4986495e-02
   2.2704953e-01
   1.0491416e+03
   3.4791903e+02
   3.2755526e+02
   3.8105619e-02
   2.5635975e+01
   2.0497052e+02
   3.2318413e+02
   3.4751946e+00
   7.3475450e-02
   3.8510805e+01
   2.1569378e+01
   8.3134657e+00
   1.6530898e+01
   1.6470329e+00
   1.0590172e-02
   6.6390260e-02
   2.8926084e-01
   4.7561662e+01
   1.1187553e+02
   3.3924229e+01
   4.5172006e+01
   1.4074560e+02
   4.7852621e+01
   2.1908664e+02
   1.3030645e+02
   2.5037465e-03
   7.0919216e-03
   8.1368736e-02
   4.0303215e+02
   3.1461215e+03
   4.8119986e+03
   2.1186836e+02
   3.1107352e+02
   6.3206151e-02
   7.5477455e-02
   7.2210197e-01
   9.1878100e-02
   2.5707809e-02
   5.4992858e-02
   1.6944770e+02
   2.8089702e+01
   4.7870716e+01
   8.2473389e+01
   2.8623626e+03
   2.0844631e+02
   4.9857390e+02
   1.0523616e+02
   6.9670881e+01
   2.8809106e+02
   3.7033453e-04
   8.3833497e-03
   5.9275636e+01
   2.8667015e+01
   7.4149653e+01
   4.7648062e+01
   2.8055435e+01
   1.3040453e-01
   9.9855917e-02
   2.2098781e-02
   5.1952748e-02
   4.6147958e+02
   1.7346996e+03
   5.8837286e+02
   2.0595243e+01
   2.3247665e+02
   2.5250996e+02
   1.2870666e+02
   1.0044720e+02
   1.8036521e+01
   3.7311440e+01
   1.9043371e-03
   1.1474006e-01
   4.3932565e-02
   2.3354008e+01
   1.1607319e-05
   3.0840140e-02
   1.6635496e-01
   7.1489240e+01
   8.2001582e+01
   3.1885423e+01
   2.1016997e+01
   2.2064717e-02
   7.7870675e+01
   6.9415244e+01
   1.3658209e+02
   7.0524953e+01
   1.4985758e-05
   6.7386648e-02
   2.5239301e-02
   3.4200886e+02
   2.1423379e+02
   2.9628863e+02
   3.7083565e+02
   1.2001059e-01
   1.8111514e-01
   3.7377867e-01
   1.9488056e-01
   5.5695259e-01
   9.3276983e-03
   1.5314881e+02
   4.8838623e+01
   4.3149563e+01
   1.4620666e+03
   1.3311889e+03
   9.6449449e-02
   5.5049944e+01
   9.0282450e+02
   3.2367405e+02
   6.2805552e+02
   2.0901346e-06
   5.2663208e-03
   1.8841586e-02
   1.7061379e+01
   7.7377589e+01
   9.7489549e+01
   2.2016344e+02
   8.5134127e+01
   5.7692530e-03
   3.0805300e-02
   5.7548029e-02
   2.0029047e-01
   1.8999033e+02
   5.5048831e+01
   7.1199413e+01
   1.1646399e+02
   2.0320428e+02
   3.9758058e+01
   1.8679395e+02
   1.4235779e+02
   2.9950016e+02
   2.0878112e-02
   1.8800690e-01
   1.9401886e-01
   2.3085756e+01
   5.2496702e-04
   9.5262661e-02
   8.6662142e-02
   1.1489336e+02
   9.0842365e+01
   4.8643800e+01
   1.0801020e-02
   1.5360891e-02
   2.5020911e-02
   1.2789144e+01
   2.9008225e+01
   2.4195316e+01
   1.4611266e+01
   1.4359551e-01
   3.8968681e-03
   3.0643279e-02
   1.1272240e+01
   2.2359763e+02
   8.4424168e-02
   8.4369807e-02
   8.0813051e-02
   1.6965875e-01
   4.2878600e-01
   1.3286005e+00
   5.1484766e-02
   3.5210788e+02
   9.4487075e+01
   4.7650297e+00
   1.2425292e+01
   1.2417834e+02
   7.1111248e+01
   6.6570607e+01
   1.0245044e+02
   2.8259397e-05
   6.1120845e+01
   7.5289086e-04
   8.4536923e-02
   4.3267609e-02
   5.2462541e-02
   2.2338850e+01
   6.3567953e+01
   2.2963213e+02
   5.8272281e+02
   7.6446032e+02
   2.0400731e+02
   1.1180301e+02
   2.2482733e+02
   4.5546447e+02
   7.3547787e+01
   9.2911652e+01
   1.2735184e+02
   3.5712160e+00
   1.3666720e+01
   1.6463415e+01
   4.3018267e+01
   1.2165300e+02
   6.0633675e-03
   3.1756202e-01
   2.2595291e-02
   1.0982947e-01
   2.8914851e-01
   1.8448313e-01
   9.3524923e-02
   1.0686453e-02
   1.0204550e-01
   3.4150028e-02
   3.9326494e-01
   1.8693709e-02
   2.1035842e-02
   9.5208617e-03
   4.5072310e+00
   2.3089825e+01
   4.8761399e+01
   3.7328801e-01
   1.8137452e-02
   5.6740750e-02
   1.2117973e-01
   3.0698126e-01
   4.6764183e-01
   1.0675875e-01
   6.8381734e-02
   2.4897252e-02
   1.6268378e-01
   3.7136123e-02
   5.5579049e-02
   3.2538866e-02
   4.8552314e-02
   1.0894169e-01
   1.1327784e-01
   4.2180007e+02
   1.2013139e+02
   1.6183491e+02
   1.4959301e+02
   4.9722795e-02
   6.0510327e-03
   3.9611047e-02
   1.1788673e-02
   5.5418315e-02
   3.1266119e-01
   2.2358963e-01
   4.0266143e-01
   3.0222733e+01
   1.7903450e+02
   4.8623051e+02
   8.0353405e+02
   2.5059497e+02
   4.7046545e+02
   5.2595851e+02
   8.4652404e+01
   9.4964735e+01
   5.8441285e+00
   2.0027671e+01
   4.5388429e+01
   2.2900333e+01
   1.2570925e+01
   3.0114438e+01
   3.6132385e-02
   1.3636606e-01
   4.7102229e-02
   6.0214097e-01
   4.7984138e-02
   5.9115772e-02
   6.7668449e-02
   1.0108463e-01
   2.6457879e-01
   8.2275707e-02
   2.8210000e-02
   1.2444258e-01
   4.5960481e-01
   4.4632418e-02
   6.1847311e-02
   2.1348489e-01
   1.7444737e+01
   2.2335586e-03
   6.4405151e-02
   8.9479360e-03
   2.0014376e-01
   1.4711555e-01
   5.2569270e-02
   3.2159348e-01
   1.2792326e-01
   4.7526571e-02
   8.0593365e-02
   6.1517086e-02
   4.5971760e-02
   9.3778667e-02
   2.7178731e-02
   9.1329149e-03
   3.2490094e-02
   5.3539730e+02
   3.0470599e+02
   1.5122253e+01
   7.8370786e-03
   6.0326821e-02
   9.5935535e-02
   1.4526410e-02
   2.6206181e-02
   9.8517322e-02
   1.6198004e-02
   1.3127424e-01
   1.5043891e-01
   1.4191020e-01
   7.7490407e+01
   6.2963897e+01
   1.3134792e+02
   4.5335525e+02
   9.3013749e+02
   1.5172483e+02
   3.5383873e+01
   1.6081549e+02
   4.4159521e-01
   6.7163044e-02
   1.8955566e-01
   6.8898765e-02
   5.6714507e+01
   6.0611559e+01
   1.5203707e-01
   2.4263601e-02
   2.6825680e-03
   3.0153564e-02
   1.6765029e-01
   2.2789839e-02
   6.9948619e-02
