   7.7291614e-02
   8.3719857e-02
   2.3673360e-02
   5.0729353e-02
   3.8178732e-02
   8.2741956e-02
   4.4411204e-02
   1.4206046e-01
   6.2198414e-02
   1.6113759e-01
   8.8605552e-02
   1.6676744e-01
   4.9988837e-03
   6.6697716e-02
   7.7200705e-02
   1.6936940e-02
   1.1763068e-01
   1.1071827e-01
   1.4395157e-01
   1.7065168e-01
   2.1228467e-01
   6.7814002e-02
   5.1101466e-02
   7.6633249e-02
   2.5789670e-01
   2.6821538e-01
   1.7450442e-01
   1.4818050e-01
   2.8860895e+01
   4.3367808e+01
   1.4774699e-04
   2.5983102e-01
   1.7174048e+03
   5.9353357e+02
   1.5072786e+02
   1.1338992e-01
   1.8768346e-01
   1.5108501e-01
   5.9420985e-03
   7.4568452e-02
   8.6934089e-02
   1.1643362e-01
   4.0870356e-02
   2.7296652e-02
   1.3592377e-01
   1.6338022e-01
   9.2771364e-02
   4.2220717e-02
   5.6324560e-02
   3.0402607e-02
   5.0861529e-02
   7.1755701e+01
   8.0372021e+01
   6.1899514e+01
   1.1991790e-03
   6.3112693e+01
   2.7075724e+01
   1.6106699e+01
   7.6420988e-01
   2.3455379e-02
   1.0227212e-01
   1.2501887e-02
   1.0698073e-01
   1.9000732e-01
   7.5844164e-02
   1.0077529e-02
   6.4499332e-02
   2.0006847e-02
   2.7551735e-02
   4.5879131e-02
   1.5355728e-01
   7.5022582e-02
   7.0598607e-02
   6.0011032e-02
   4.8202891e-01
   1.9106569e-02
   6.2027862e-02
   1.3626808e-02
   3.8264382e-02
   2.4908144e-02
   4.4890609e-02
   5.3863642e-02
   1.6660809e-01
   1.5907120e-01
   4.5565330e-02
   2.7017436e-01
   1.3557992e-01
   1.9174290e+00
   1.8592841e+01
   6.3425394e+01
   1.1071631e+02
   3.0030528e+02
   6.3443935e+02
   3.0717991e+02
   5.2806864e+02
   1.6965694e+02
   7.1677199e-01
   1.6848903e-01
   5.7296061e-02
   1.8345929e-01
   1.3531493e-01
   4.4931540e+02
   1.5582766e+02
   2.2173358e-05
   5.9071469e-02
   1.2807178e-01
   1.4879855e-02
   2.9224568e-02
   5.1905639e-02
   7.1379996e-03
   3.3788549e-02
   6.5484786e+01
   1.2684925e+02
   3.2765634e+02
   6.8694152e+02
   1.9740387e+02
   4.4432765e+02
   6.6915202e+02
   6.1424065e+02
   2.7367662e-01
   2.1190057e-02
   5.1681879e-02
   7.8502884e-02
   4.3465363e-02
   1.9716088e-02
   1.9358381e-02
   6.6048594e-02
   4.4156067e-02
   1.5500851e-01
   4.9968198e-02
   1.3330839e-01
   1.2029528e-01
   1.3006878e-02
   1.5136304e-01
   9.7811123e-03
   1.6843353e-02
   2.1788607e-01
   6.6791607e-02
   2.7426540e-02
   7.4602246e-03
   2.0221056e-01
   9.9956335e-03
   1.9794010e-01
   5.2145131e-03
   2.1176796e-01
   1.4689317e-01
   4.2153143e-01
   2.7316087e+01
   3.2091148e+01
   6.1078227e+01
   5.3495001e+01
   2.6040463e+02
   1.5736561e+03
   7.5959331e+02
   1.4386974e+02
   1.0402564e+03
   3.6573893e-02
   1.3143397e+00
   2.0728840e-01
   2.7443264e-01
   8.8777264e+01
   9.7484178e+01
   2.4530125e+02
   4.4333765e+02
   3.5252369e-02
   3.0566589e-02
   8.3530049e-02
   5.7321590e-03
   3.3943502e-02
   4.0432191e-02
   2.0631447e+02
   3.9925501e+02
   4.4881889e+02
   4.3760050e+02
   4.7467141e+02
   5.0708388e+02
   4.8692651e+02
   9.4810774e+02
   1.2282597e+03
   5.7777779e+02
   1.7942659e-02
   4.7602423e-02
   1.9501723e-02
   1.5859218e-02
   3.5327720e-02
   1.9582946e-02
   2.6410095e-01
   7.5226795e-02
   2.6666710e-02
   6.4206265e-02
   1.7883469e-02
   7.6628768e-02
   2.5449008e-01
   1.2162123e-01
   1.2906871e-01
   2.5442958e-02
   1.4027848e-01
   2.9123713e-02
   2.8108611e-01
   8.7848791e-02
   1.1151174e-01
   4.2026316e-02
   9.6108714e-03
   1.2629950e-01
   3.2310211e-02
   2.4273849e-02
   1.3069403e-01
   1.1157956e+02
   1.8225325e+02
   1.2664231e+02
   8.9000769e+01
   2.9173767e+02
   9.7507043e+02
   1.0356081e+03
   4.6330541e+02
   6.3951869e+02
   3.2824784e+02
   2.4650269e-01
   2.6422234e-01
   9.8804290e+02
   6.3632351e+01
   7.3720743e+01
   4.5280080e-02
   2.3768574e-02
   1.3177952e+02
   1.1658062e-01
   1.1552986e-01
   2.1575207e-02
   2.2565880e-02
   3.2217533e+02
   2.8022059e+02
   5.3416711e+02
   9.1322021e+02
   9.8731912e+02
   6.0165604e+02
   6.4298374e+02
   1.8501040e+02
   3.1212421e+02
   3.9810681e+02
   1.6035815e+02
   7.6463995e-02
   7.0991905e-02
   8.4343267e-03
   1.0880836e-01
   3.6550518e-01
   4.7596503e-02
   6.6792717e-02
   1.6322857e-02
   6.8777004e-02
   4.9120095e-02
   7.7284934e-02
   8.6998958e-02
   4.9107916e-02
   3.7209392e-01
   2.0190587e-01
   8.3127073e-02
   1.7087700e-02
   3.6932380e-02
   9.5220082e-02
   6.2034033e-02
   6.2574839e-02
   4.9133459e-02
   1.3161347e-02
   5.7215449e-02
   6.2797933e-02
   1.7948655e-01
   6.2468074e+01
   1.7535098e+02
   2.2530620e+02
   1.3405605e+02
   1.7544291e+02
   2.0531648e+01
   2.5790904e+01
   2.8922722e+02
   5.2043497e+01
   8.2223434e+01
   5.0218150e+01
   2.9820651e+02
   3.2729197e+02
   1.2088095e+03
   5.0380243e+02
   1.1101122e-05
   7.7877349e-03
   1.5426265e-02
   2.4242922e+02
   3.5655639e-05
   1.2107970e+02
   1.6252614e+02
   6.0789888e+01
   1.7854822e+02
   2.2434488e+02
   9.5129473e+01
   1.7465153e+02
   1.7091118e+03
   5.1166153e+03
   3.9690362e+01
   2.1205233e+02
   4.6685899e+02
   3.6446634e+02
   4.2308795e+02
   3.4580976e-02
   1.0491191e-01
   9.2734006e-03
   3.9235543e-02
   8.9802751e-02
   3.3890484e-02
   4.2340434e-02
   8.0581621e-02
   1.9605341e-02
   2.5100009e-02
   9.7973783e-02
   1.2650513e-01
   1.6360416e+00
   3.8968658e-01
   2.1054770e-01
   4.7503136e-01
   6.3477990e-02
   4.1601622e-02
   3.7693451e-03
   7.9913628e-02
   1.1559847e-01
   6.7328754e-02
   9.7902362e+00
   1.1279444e+01
   6.1796936e-02
   1.2851120e+02
   5.8334705e+01
   3.4178641e+01
   6.0288039e+01
   2.8875494e+01
   3.7147408e+02
   1.7442850e+02
   3.1624301e+00
   5.4422132e+01
   3.4763042e-02
   1.1688744e-01
   3.7826116e+01
   2.4662022e+02
   6.4499303e+02
   7.8954723e+02
   1.1367801e+01
   4.5374494e+02
   1.4907165e-01
   4.2088623e-02
   6.1109807e-02
   6.5548545e+02
   6.4952442e+01
   1.8734529e+03
   2.4327290e+03
   2.5283696e+03
   2.2681287e+03
   2.7579560e+03
   2.5320829e+03
   2.1767044e+03
   2.2118732e+03
   3.6827932e+02
   1.4155792e+02
   3.3291652e+02
   3.8314809e+02
   9.1259357e+02
   6.9562967e-02
   2.1102973e-01
   5.2844106e-02
   7.4710118e+01
   6.3601941e+01
   4.9599180e+01
   1.6458911e-02
   7.7810597e-02
   1.9809990e-01
   2.4400295e-01
   6.0607787e-01
   1.4652197e-01
   9.4614256e-02
   1.3410763e-01
   1.9380248e-01
   7.7464532e-02
   6.3935286e-01
   4.4954998e-02
   6.5571328e-02
   2.1231105e-02
   7.9524245e+00
   2.2433398e+00
   8.5104198e+00
   4.6018090e+01
   1.1592599e+02
   1.0481245e+02
   2.4270399e+02
   8.1555385e+01
   5.4268253e+01
   1.2702954e+02
   2.6233007e+02
   3.1416573e+02
   7.5681779e+01
   1.1686410e+01
   6.4223913e-02
   6.0761030e-02
   9.9045928e-02
   7.5132992e+01
   2.6589025e+02
   5.5790089e+01
   1.6491993e+01
   1.4323119e+01
   1.0810533e+01
   4.8480151e-03
   1.0388044e+03
   8.4125151e+02
   4.9761131e+02
   2.5596468e+03
   5.3431277e+02
   1.9672258e+03
   1.4078325e+03
   1.3263677e+03
   3.9242715e+03
   2.3487456e+03
   2.8502998e+03
   1.1287768e+03
   1.7945513e+02
   6.8394573e+01
   1.2752881e+02
   7.4709515e+01
   8.0297845e-02
   8.4354355e-02
   7.4983609e+02
   4.1945348e+02
   2.2066556e+02
   2.8778738e+02
   1.6283360e+02
   3.6813169e+02
   2.5438778e-02
   2.0676883e+01
   5.1811345e-02
   3.3790437e-01
   9.5393136e-02
   2.8100607e-02
   1.4085710e-01
   1.0542895e+00
   2.5253961e-01
   7.9096370e-02
   4.2502833e-02
   8.5401253e+01
   2.3265886e+01
   2.6862972e+01
   6.5145030e+01
   5.1241960e+01
   8.6552458e+01
   1.4503373e+02
   1.3731992e+02
   8.6229993e+01
   6.4526005e+01
   8.5690129e+01
   1.9296790e+02
   2.3601102e+02
   1.7835838e+00
   1.9502755e+02
   7.6353686e+01
   1.1434049e-01
   6.6623536e-01
   3.0291554e+01
   9.4396056e+01
   2.1559515e+02
   1.1232448e+02
   1.1497470e+02
   3.0069813e+02
   3.6957879e+01
   1.6220737e+03
   6.0996582e+02
   1.6033038e+03
   1.7955236e+03
   1.1579622e+03
   4.9961319e+02
   5.3026352e+02
   2.3902469e+03
   7.0579712e+02
   1.1862257e+03
   7.7362192e+02
   4.4861134e+02
   3.7818944e+02
   8.6491306e+01
   1.9856120e+02
   4.9538944e+02
   9.2635178e+02
   2.4622770e+02
   7.8208099e+02
   2.3408348e+02
   1.8651389e+02
   8.0658042e+01
   4.7568894e+02
   2.4628636e+02
   1.4593795e+02
   2.7273012e+02
   8.3445949e+01
   9.3878748e-03
   7.3250908e-01
   6.2518407e-01
   2.3441146e-01
   1.1602338e-01
   1.5098462e-01
   5.2147443e-01
   3.3061653e+01
   8.7744104e+01
   1.3284703e+02
   9.1134356e+01
   2.8568484e+02
   2.6421183e+03
   1.2884306e+03
   1.6386043e+03
   5.3926956e+02
   1.4523389e+03
   3.9435592e+02
   4.3418572e+02
   2.8534631e+02
   3.0678844e+01
   3.3309029e+01
   5.5196094e+01
   2.3503016e+02
   2.4333610e+01
   6.0809220e-01
   5.4031375e+01
   1.6498035e+02
   8.4102327e+01
   1.1316645e+02
   6.1018845e+02
   1.7930997e+03
   2.1450258e+03
   3.8282395e+03
   1.1157416e+03
   6.1114474e+02
   6.3236714e+01
   1.4450118e+03
   7.4679808e+02
   8.0296366e+02
   1.7816331e+03
   2.2233320e+03
   1.6669408e+03
   1.3753835e+03
   2.3515886e+02
   4.1736766e+02
   2.5759582e+02
   1.9625415e+02
   5.7559180e+01
   2.0538502e+03
   1.2023756e+03
   2.0105382e+02
   2.5563397e+02
   4.4837359e+02
   1.2972609e+02
   8.0095191e-03
   1.2074483e+03
   4.2172508e+02
   8.8337986e+01
   5.3747148e+01
   4.5542949e+02
   1.3579370e-01
   2.0154393e-01
   2.4562272e+01
   6.9143034e-01
   9.6076822e-02
   1.2500309e-01
   7.9412689e+03
   7.3009792e+03
   3.4448139e+03
   8.5864417e+02
   1.1370890e+03
   4.6687329e+02
   1.4007799e+03
   5.3917422e+02
   8.9458337e+02
   4.8393774e+02
   2.2107368e+02
   7.1178172e+02
   2.7799724e+01
   3.4005959e+02
   1.3359009e+00
   8.0028411e+01
   1.9167931e+02
   1.3960070e+02
   6.3896145e+01
   1.0584651e+02
   2.8458405e+02
   1.8025440e+02
   3.6802388e+02
   1.4928844e+03
   9.9848581e+02
   1.6596817e+03
   1.5466916e+02
   1.6322600e+02
   8.0144480e+02
   9.6488315e+02
   4.8283636e+01
   1.6096036e+02
   2.5622907e+01
   3.9512264e+02
   1.6177848e+02
   4.8567778e+00
   4.9488390e+02
   1.0930417e+02
   1.5226412e+02
   6.8739832e+01
   5.7486740e+01
   1.5991280e-01
   1.1162375e+02
   1.8130674e+02
   2.2165137e+02
   2.1612632e+02
   5.4109627e+01
   4.1290002e+01
   3.0867963e+02
   8.8205201e+01
   3.6336685e+02
   1.5889258e+03
   5.6788170e+02
   2.1591788e+02
   4.5365829e+02
   7.0077323e+01
   5.9333329e+01
   1.6210201e+02
   1.3285032e-02
   2.9868733e+03
   6.8494979e+03
   2.5416278e+03
   2.3244537e+03
   2.0470496e+03
   1.7563212e+02
   1.2438023e+02
   2.9281812e+02
   1.2892561e+02
   3.2493404e+02
   5.2748287e+02
   1.1297405e+03
   4.7591278e+01
   1.7998068e-01
   2.6610631e+02
   1.4744614e+03
   4.2713909e-01
   5.2079703e+02
   1.8368195e+01
   2.7700639e+01
   1.3501711e+02
   2.0617332e+02
   2.4547704e+02
   8.9546210e+00
   6.1473628e+00
   2.6538449e+01
   3.5659744e+01
   2.8406419e+01
   1.0686057e-02
   2.6354253e+03
   1.8257689e+02
   2.2715103e+02
   4.3934009e+01
   6.2761019e+01
   4.9905808e+01
   2.8666297e+01
   5.2560395e+01
   3.9002214e+01
   4.7881481e+01
   8.8797079e+00
   1.9688445e+01
   7.2046035e-02
   1.3779774e-01
   7.3344200e+01
   4.4212262e+01
   6.8064707e+01
   3.5885108e+01
   1.3911106e+01
   1.1483307e+01
   4.9505374e+02
   4.9063193e+02
   7.5783906e+01
   3.3688255e-02
   1.3575252e+03
   2.6700227e+03
   4.8612724e+01
   1.3385357e+02
   7.8468693e+02
   3.7093778e+02
   8.2749811e+00
   1.0471353e+03
   7.8400192e+02
   4.0853151e+02
   4.6166601e+03
   9.1743382e+02
   2.7286352e+01
   1.2859249e+03
   7.4399111e+02
   2.8407333e+02
   4.9003172e+02
   2.2894943e+02
   6.7208213e+01
   7.5422981e+02
   9.0245677e+02
   1.4775195e-05
   3.7115038e+03
   1.2693679e+03
   1.6200641e+03
   3.9561866e+03
   2.2237410e+03
   1.2395186e+02
   3.7086001e+02
   2.2605974e+02
   7.3348293e+01
   6.2193794e+01
   1.1560971e+02
   2.5280909e+02
   7.8753548e+00
   6.8199211e-02
   6.9320052e+02
   8.8500135e+02
   1.2635105e-03
   2.0471726e-02
   2.3488636e+01
   1.6431315e+01
   1.9189135e+01
   2.0909431e+01
   4.4085976e+01
   1.4994177e+01
   3.1898997e+01
   2.3115579e-02
   9.3051560e-02
   6.4089306e-02
   3.2187064e+01
   3.6644824e+01
   4.2899806e+01
   6.0840440e+01
   1.2062938e+01
   2.6328612e+01
   2.6266551e+01
   2.2156565e+01
   3.2368678e+02
   2.2164145e+02
   1.1994990e-01
   7.0005536e+01
   9.1209673e+01
   5.5803504e+02
   3.4379319e+03
   9.3779260e+02
   4.8222720e+02
   1.4434846e+03
   1.3067940e+03
   2.4378246e+04
   1.3333333e+04
   5.2574432e+00
   2.6213703e+02
   1.0250808e+02
   2.0805007e+02
   1.4390183e+02
   1.3380962e+02
   1.4179896e+02
   9.9875680e+01
   1.0785811e+02
   7.3835551e+02
   2.4030318e-02
   6.1873750e+03
   3.8035308e+03
   2.8027142e+03
   2.4786896e+03
   1.0878912e+03
   4.2629645e+01
   2.6427448e+01
   8.1120298e+01
   1.4056516e+02
   3.7305439e+01
   8.1694358e+01
   3.1070894e+02
   2.3435338e+02
   9.0387133e+02
   1.7935071e+02
   8.4063801e+03
   1.4616474e-02
   3.6497486e-02
   4.3775860e-02
   1.7432391e+01
   4.3630663e+00
   3.4845712e+00
   2.4630679e+00
   3.6028494e-02
   1.5147648e-01
   1.4239657e-01
   2.6333395e-01
   6.7555432e-02
   1.0270071e+02
   2.9139619e+02
   3.6381465e+01
   3.2154710e+01
   3.2809599e+01
   3.1683102e+01
   7.8539939e+01
   3.6421138e+01
   1.8140196e+02
   9.4290528e+01
   7.1943546e+01
   2.3419624e+01
   6.2635840e+02
   9.3064509e+01
   7.0247783e+02
   6.2258232e+02
   4.0165205e+02
   3.1300745e+02
   1.4839675e+02
   1.7031205e+03
   2.0692954e+01
   7.3794307e+02
   8.2041026e+00
   3.2221907e+01
   5.2790417e+01
   9.4409079e+00
   5.2021965e+01
   2.1654735e+02
   7.7003248e+01
   9.7369951e+00
   2.5748308e+01
   2.9041147e+02
   6.0478665e+02
   8.2065067e+02
   5.3388267e+02
   7.6928740e+02
   1.1519472e+02
   6.5695213e+01
   1.0712977e+02
   1.8333608e-02
   9.9838490e-02
   4.3671057e+02
   1.0212506e+02
   1.2681107e+01
   1.6537192e+02
   5.1923007e+01
   5.9553948e+03
   1.0777036e+04
   4.0463373e-02
   9.1939486e-03
   2.2863625e-02
   5.6308063e-02
   1.9478945e-02
   9.6666455e-02
   1.0304108e-01
   1.6093046e-01
   3.3057447e-02
   2.1270872e-02
   6.7574514e-03
   4.3224985e-02
   2.0980791e+02
   3.6399542e+02
   1.3436390e+02
   4.7899757e+01
   2.0078622e+02
   1.3096513e+03
   7.5176184e+02
   1.7769228e+02
   6.5332278e+01
   5.8789205e+01
   1.6388383e+01
   2.4746966e+01
   2.0306964e-03
   1.2467656e-01
   8.2014477e+01
   6.3359173e+01
   6.3790829e+01
   3.7021175e+02
   2.6465570e+02
   5.5101059e+02
   5.2514884e+03
   8.7825935e+01
   1.4618981e+02
   1.9333792e-02
   6.3979657e+01
   1.6898953e+01
   8.1849342e+00
   6.2954114e+01
   9.2768488e+00
   7.1615408e-03
   1.2091412e-01
   1.3048196e+02
   1.5268298e+02
   3.9574672e+01
   8.1206714e+01
   3.8824894e+02
   3.1209751e+02
   3.7024630e+01
   7.8414285e+01
   1.4187373e-01
   1.0690128e-01
   2.6609933e-02
   3.6001728e+02
   4.5688341e+02
   2.1330897e+02
   2.0866267e+02
   1.1519563e+03
   1.6846366e+03
   3.9688941e-02
   7.0084704e-02
   3.7541070e-02
   2.6086974e-01
   6.1132111e-02
   8.9185396e-02
   1.4603588e-01
   1.4450366e-02
   3.5781611e-02
   1.3194894e-02
   4.2909777e-02
   3.6675062e-02
   6.4773043e+02
   5.2364535e+02
   3.2644249e+02
   5.3392025e+01
   2.0511147e+02
   7.0380855e+02
   1.0481304e+03
   1.0771006e+03
   6.3195882e+02
   4.0701395e+02
   1.5361645e+02
   1.3896549e+02
   1.3819498e+02
   4.0438551e+01
   7.5856155e+02
   2.2074959e+01
   2.9242505e+01
   3.3986105e+01
   2.6993626e+02
   4.3038941e+02
   1.7532303e+02
   3.9398432e-05
   3.9549867e+01
   7.7443002e+00
   2.4024750e-01
   1.8247718e-01
   2.6701559e-01
   1.1287325e-01
   1.1576349e+02
   6.9125720e-02
   4.6758238e-02
   1.3092115e+02
   1.0038587e+02
   3.1888945e-03
   2.1796392e-02
   1.2992854e-02
   4.3351690e-02
   5.3278213e-02
   1.7113411e-01
   1.9171070e-01
   5.2975664e-01
   5.4272217e-01
   1.9501034e-02
   1.1812735e+02
   1.8740331e+02
   2.4863678e+02
   9.3026662e+01
   9.8989231e-03
   9.9567280e-03
   3.3827691e-02
   1.3374306e-01
   6.4171491e-02
   7.9043587e-02
   1.9754312e-01
   1.2953530e-01
   7.2607894e-03
   1.6334046e-01
   1.3917894e-01
   9.9161325e-03
   4.8612846e-02
   1.5090242e+03
   4.9907037e+02
   9.7635185e+01
   7.0557422e+01
   2.1255911e+02
   4.0636329e+02
   4.5498832e+02
   2.9016708e+03
   1.0309113e+03
   7.0405216e+02
   1.7983758e+02
   1.5597599e+02
   2.4933301e+02
   2.9363696e+02
   1.8710469e+02
   6.6032088e+01
   1.1191383e+02
   2.6212709e+02
   1.6965207e+02
   1.0156754e+03
   1.0587082e+02
   1.7056345e-02
   3.2195699e-02
   5.3342459e+01
   6.2466899e+00
   1.2684659e+00
   6.0726271e-01
   8.3904011e+01
   4.5679894e-04
   1.6311525e-01
   1.0168628e-01
   4.7094572e+01
   2.5061899e+01
   1.3242566e-02
   1.8442740e-02
   2.5077065e-02
   4.6516591e-02
   2.3169652e-02
   2.4228462e-01
   1.0846842e-01
   4.7495856e-01
   1.5901467e-01
   1.7512002e-02
   3.0640458e-02
   1.4987340e+02
   7.4305205e+02
   8.1097334e-03
   1.5641723e-02
   8.4456318e-02
   1.5168599e-01
   5.8663185e-02
   1.2668024e-01
   4.3477779e-02
   6.1595817e-02
   4.7535684e-02
   8.2605412e-02
   1.7197967e-02
   4.3697072e-01
   1.7756152e-01
   4.3363845e-01
   2.2817440e+01
   9.5385735e+01
   9.7708001e+01
   9.5947368e+01
   7.6920165e+01
   1.7339297e+02
   2.5842015e+02
   2.9694844e+02
   2.5270520e+02
   1.5498536e+02
   5.2982873e+02
   4.0222580e+02
   2.3845434e+02
   3.1815128e+02
   9.5419444e+01
   2.0194328e+02
   1.7171441e+02
   1.3588320e+02
   4.8483649e+02
   8.6847124e+01
   8.5378748e-04
   2.5646785e-02
   7.2525887e-02
   2.5674399e-02
   1.9509251e+01
   3.0913374e-01
   4.9334018e-01
   1.2397564e+02
   1.1190676e-04
   3.0137514e-02
   7.7110905e+00
   8.3108368e+01
   2.1038857e-02
   3.0132218e-02
   3.3224747e-02
   2.4996452e-02
   1.2363331e-01
   1.7143504e-01
   9.3422606e-02
   2.7299655e-02
   1.2380541e-02
   4.9915409e-01
   1.2098565e-02
   5.1974712e-02
   9.8529682e-02
   5.2563000e-02
   1.2509291e-03
   8.3919315e-03
   3.1571379e-02
   7.7766870e-02
   2.6352996e-01
   5.4321108e-01
   6.9786508e-02
   1.1490409e-02
   9.2726737e-02
   2.3071637e-01
   8.1383614e-02
   4.4148579e-01
   1.6278509e-01
   1.2165475e-01
   7.4179725e+01
   2.1232302e+02
   1.1948029e+02
   5.4016040e+02
   4.7383861e+02
   6.9160382e+01
   1.8629111e+02
   1.3123680e-03
   1.2131901e-01
   4.2494167e+02
   5.4572568e+02
   1.0197780e+03
   1.5328077e+03
   2.6300527e+02
   6.7423189e+02
   3.3436520e+02
   3.3747726e+02
   3.3686676e+02
   2.2171993e+02
   3.3005918e+02
   2.8646598e+01
   5.2720538e-02
   7.2920683e-02
   6.5090036e-02
   3.3402535e+01
   1.1909737e+02
   4.1891163e+01
   9.2414488e+01
   4.5143670e-04
   1.1060839e+03
   8.0913746e+01
   3.5083215e+01
   7.0694181e-03
   9.7325808e-02
   2.3753538e-02
   9.5877607e-02
   1.1930354e-02
   9.5956403e-02
   2.2005891e-01
   1.5117522e-01
   1.0440107e-02
   2.6630434e-02
   1.0830816e-01
   4.8227549e-03
   8.9318883e-03
   4.8246285e-03
   5.9568875e-03
   3.3535946e-02
   4.3836223e-02
   9.7280682e-02
   1.9678561e-01
   6.7529173e-02
   2.8343586e-01
   7.1849686e-02
   1.4376081e-01
   5.8392417e-01
   5.4588853e-02
   6.2802593e-01
   1.9320388e+00
   4.2001860e-01
   4.3008785e+02
   3.9001242e+02
   8.9029851e+01
   3.0533815e+02
   4.8258571e+02
   7.8393288e+01
   2.1443012e+02
   1.8188333e+02
   1.5119628e-02
   6.4482842e-02
   6.9042914e+01
   5.6652480e+02
   4.4318928e+02
   1.2086222e+02
   2.5802503e+02
   8.4188710e+02
   1.3692117e+03
   5.2514322e+02
   2.2870672e+02
   1.8695621e+02
   2.7343692e+01
   1.0263125e+02
   1.6813408e-04
   3.0078497e-01
   2.5269466e-02
   7.0059475e+01
   1.0413183e+02
   2.8162662e+02
   4.7213290e+02
   8.1295338e+01
   5.9204323e+01
   9.5169049e+01
   9.8925254e-03
   1.3039144e-01
   3.8346157e-02
   2.7630463e-02
   2.7186661e-02
   3.9270837e-02
   8.9562368e-02
   1.3201872e-01
   9.5979273e-02
   2.0021835e-01
   1.4538017e-01
   1.9465288e-02
   1.2099301e-02
   5.8368401e-03
   4.3230690e-03
   1.4789645e-02
   1.6694961e-01
   1.4321538e-02
   4.7225622e-02
   4.2402130e-02
   5.2232862e-02
   1.2690231e-01
   4.6068058e-02
   3.4368584e-01
   1.9002120e-01
   1.2124852e-01
   1.4050233e+00
   1.9353402e-01
   3.5067866e+02
   5.6837496e+01
   7.5083586e+02
   5.3187632e+02
   1.2482257e+03
   5.7728845e+02
   5.4211883e+02
   1.0962330e+03
   4.1787219e+02
   1.1107515e-02
   5.4318752e-02
   1.4250778e+02
   2.1604038e-05
   2.0128069e+01
   3.5534567e+01
   7.2900846e+02
   4.3100356e+01
   4.8005547e+02
   8.1807269e+00
   4.7116516e+02
   6.1659742e-03
   1.5593906e+02
   5.4293145e+01
   1.0599186e+02
   4.1686881e+01
   1.0641651e+02
   7.5390403e+01
   6.9634822e+01
   6.0731872e+01
   2.8860842e+01
   5.9509675e+01
   8.7071836e+01
   8.2192855e-07
   5.9336803e-02
   3.3868977e-02
   2.1240997e-01
   6.2485037e-02
   1.3072401e-01
   5.1067473e-01
   2.7070421e-02
   1.9154190e-01
   1.4246502e-01
   2.7318930e-03
   7.8650850e-02
   6.2064630e-02
   6.8592796e-02
   5.2470665e-03
   1.9149976e-02
   2.5847428e-02
   1.4827664e-02
   8.2444414e-02
   2.7007008e-01
   3.0018751e-01
   1.3671576e-01
   9.0278914e-02
   5.4746866e-02
   1.5977766e-01
   7.3760866e-01
   7.3138453e-02
   3.1778249e+02
   1.7661517e+03
   3.6375045e+02
   2.4831623e+02
   4.0030329e+02
   4.9063168e+03
   1.4699950e+02
   2.2613376e+02
   3.5833697e+02
   3.8454539e+02
   2.5273791e+02
   1.3770651e+02
   1.5307246e+02
   2.2280850e-02
   6.2025773e+01
   1.3214431e+02
   1.3537245e+02
   5.0073609e+01
   2.0945027e+02
   6.6083762e+01
   3.5947513e+01
   1.3110213e-02
   4.4365760e-02
   1.8392335e+02
   6.8780300e+01
   8.1301084e+01
   2.1030043e+02
   9.6293821e+01
   1.8596023e+02
   4.0617337e+02
   5.1941992e+02
   2.0188503e+02
   2.1502756e+01
   3.8176069e+01
   7.5567451e+01
   3.0499005e-02
   2.9769540e-02
   3.9492675e-02
   1.6769295e-01
   1.5405865e-02
   3.5878981e-02
   4.8155036e+01
   4.7261277e+01
   1.0074848e+02
   7.6129406e+01
   6.0483208e-02
   7.7736951e-03
   1.4418232e-02
   2.9801390e-02
   6.3787734e-03
   2.9917322e-02
   2.1815523e-02
   7.4974443e-02
   3.9620683e-01
   4.0158308e-02
   1.3855637e-01
   2.9367332e-02
   2.7376775e-01
   3.8283799e-02
   2.5778990e+03
   8.7899391e+02
   6.3424477e+02
   5.4654523e+02
   1.2178209e+03
   6.5868365e+02
   1.3117975e+02
   9.4839551e+01
   1.0635377e+02
   2.1883949e+02
   6.0972586e+02
   7.1433557e+02
   1.5562952e+02
   2.5257911e-02
   1.4908299e+02
   6.2407127e+01
   6.8337574e+01
   8.1502027e+01
   3.8671329e+01
   6.3789237e+01
   2.7591224e+01
   2.9770804e+01
   5.5529090e+01
   1.1518566e+02
   2.1795598e+02
   4.2477596e+01
   3.8789211e+01
   7.4971960e+01
   6.4176431e+02
   5.5142698e+02
   6.0213827e+03
   6.3807327e+02
   2.9962467e+02
   6.5767711e+00
   6.5957501e+00
   1.8119417e+03
   1.2387673e+03
   7.6186651e+02
   1.0069436e-03
   3.3977183e-02
   8.2294291e-02
   7.2073270e+01
   1.1528462e+01
   1.8033358e+01
   4.0340802e+01
   2.8666679e+01
   2.7424605e-03
   7.0746749e-03
   1.3130318e-03
   3.6896916e-02
   2.6053463e-02
   5.8863981e-03
   1.0435818e-02
   1.7545637e+01
   4.4237610e-02
   2.1235428e-01
   9.9334065e-02
   3.0250772e-02
   2.6154091e-01
   4.7810070e+02
   2.1706205e+02
   4.2095824e+02
   4.5881797e+02
   1.7827793e+02
   1.3513137e+03
   2.6170851e+01
   1.7158673e+02
   1.0514607e+02
   2.9573857e+02
   1.1849686e+02
   3.9304130e+02
   3.0075046e+02
   1.8822328e+02
   2.2884762e+01
   4.3850174e+01
   5.9170936e+01
   1.1323750e+02
   5.0290347e+01
   4.3941134e+01
   5.1527332e+01
   2.2610108e+02
   1.9968373e+02
   2.3260344e+02
   4.5428786e+02
   4.7609970e+01
   7.2847961e+01
   6.3044563e+01
   4.9030361e+01
   4.8125452e+01
   2.9449861e+02
   3.1481626e+02
   9.3922700e+02
   9.1880136e+02
   3.0419408e+02
   8.4598298e+00
   8.7228404e+01
   1.1875603e+03
   2.3544519e+03
   4.1547940e+02
   1.2240603e+01
   3.0789960e+01
   8.1553774e+01
   6.5173034e+00
   1.1410972e+01
   6.5543917e+01
   3.0369751e+01
   2.5516166e+01
   1.8871669e-03
   1.4002725e-02
   3.0983562e-02
   7.4967989e-02
   1.9017515e+02
   7.4215619e+01
   5.7479624e+01
   1.4971389e+02
   8.7875361e+01
   1.5152719e+01
   2.3476782e-02
   8.7260745e+01
   1.0258270e+03
   6.5307405e+02
   5.0839432e+01
   2.1712691e-02
   1.1492253e-01
   1.4271096e-01
   7.4307547e+01
   2.5155190e+01
   1.0285469e+02
   1.6318051e+02
   1.6002330e+02
   1.7809020e+02
   1.6140311e+02
   4.5436997e+01
   1.0344958e+02
   8.6197242e+01
   5.0396987e+01
   1.3615863e+02
   3.2791933e+01
   7.4949419e+01
   2.6438878e+01
   4.7577230e+01
   8.1276917e+01
   2.0927152e+02
   4.3142917e+02
   2.3356326e+02
   1.8776322e+02
   3.2749593e+02
   6.4123913e+01
   4.9460989e+01
   9.4621963e+01
   1.5663502e+02
   8.8603713e+01
   5.4703727e+01
   9.0337341e+02
   1.9782112e+01
   6.0711202e+01
   1.8985786e+03
   2.7854959e+03
   4.7595412e+02
   2.9133808e+00
   1.5833599e+01
   1.9578336e+01
   2.1773611e+01
   6.4687784e+00
   2.1129373e+01
   4.1111235e+01
   5.2504930e+01
   4.5392791e+01
   3.9831343e-02
   4.4618480e+01
   3.0653786e+02
   5.9375134e+02
   1.0656597e+02
   3.7166449e+01
   2.6475132e+01
   3.1570936e+02
   6.0106617e+01
   5.6365854e+01
   4.8036293e+02
   7.4393300e+02
   3.7668147e-03
   1.5778888e-01
   9.8076710e+01
   5.8215019e+01
   1.0677488e+02
   1.7935113e+02
   7.1843144e+01
   5.4978013e+02
   1.4199141e+02
   4.0947823e+02
   4.3460438e+02
   3.2701242e+02
   1.1933720e+03
   8.0370713e+02
   3.6572961e+01
   4.8551439e+01
   4.2297041e+02
   4.3294664e+02
   1.8583017e+02
   4.5593263e+01
   4.8153659e-03
   8.0068762e-02
   6.8380296e+01
   1.0022800e+01
   1.1090090e+02
   7.0300755e+01
   1.2829972e+02
   4.5628985e+01
   1.7802670e+02
   3.3839045e+01
   1.6880762e+02
   2.3974913e+02
   1.6965325e+02
   3.9002496e+02
   3.5890634e+02
   2.2369472e+02
   1.2864071e+02
   9.0267491e+02
   8.0380253e+01
   4.3300114e+01
   1.0876474e+02
   7.0081847e+01
   5.1580638e+01
   1.5484744e+01
   6.0472282e+01
   1.3392646e+02
   8.7760909e+01
   1.5904265e+02
   9.6765495e+00
   8.8046195e+01
   7.7625564e+01
   2.2536259e+02
   5.6854700e+01
   7.1229049e+00
   2.0538340e+01
   6.8182057e+02
   2.0186568e+01
   2.4757453e+01
   5.8483163e+01
   9.5226754e+02
   2.8025294e+03
   1.9658169e+03
   8.4684864e+02
   3.0294707e+02
   1.7543789e+02
   2.1732338e+02
   3.1379304e-03
   2.4112474e+03
   2.4469840e+01
   1.3814919e+02
   1.9445877e+02
   3.8075269e+01
   2.3060513e+01
   7.7376651e+01
   2.2959835e+01
   9.7433950e+01
   1.0538031e+02
   1.1265139e+02
   6.0622962e+01
   8.8597725e-02
   2.0787270e-01
   7.1374635e-02
   1.2429712e-01
   7.7176035e+01
   5.1690813e+01
   3.4930658e+01
   2.1065223e+02
   2.6471697e+01
   4.5750547e+01
   2.2774527e-01
   1.1566318e+01
   1.0389911e+03
   2.3930780e+02
   3.4254371e+02
   3.6428979e+02
   6.3140306e+02
   1.5663965e+02
   1.3103197e+02
   3.6369597e+02
   5.6413305e+02
   3.0043631e+02
   3.0479959e+02
   3.1754403e+01
   2.4921008e+01
   4.4471876e+01
   6.8322133e+01
   1.2841025e+02
   7.8845572e+01
   1.5878766e+02
   1.9613974e+02
   1.7999831e+02
   2.7854756e+01
   1.1527457e+02
   9.8495686e+00
   5.2412380e+01
   2.7142160e+01
   4.8367062e+01
   1.3955954e+02
   3.0727205e+01
   7.3241668e+01
   1.4754889e+03
   4.4923392e+03
   7.0661657e+02
   3.2724816e+02
   1.0475208e+02
   5.9355643e-03
   1.8406356e-03
   1.1738720e-02
   2.7790883e+03
   3.9781961e+01
   5.2651196e+01
   8.8811474e+01
   6.9498461e+01
   4.0754022e+02
   2.6004227e+02
   2.9482802e+00
   3.6821907e+01
   1.4937504e+02
   2.7016881e-02
   9.9458585e-02
   9.7161576e-02
   8.9573404e-01
   3.1228457e-01
   2.1147400e-02
   6.1945474e+01
   4.5801106e+01
   4.8093875e+02
   1.5835950e+02
   8.8915354e+00
   4.1368169e+00
   3.9869797e+01
   8.3197970e+01
   6.7888392e-05
   2.8147017e+02
   1.7826963e+02
   2.3075236e+02
   1.3743809e+02
   5.2124646e+02
   6.5599500e+02
   5.2683962e+02
   2.0914860e+02
   1.9145643e+02
   6.1154463e+01
   3.4906968e+02
   9.5442054e+01
   1.1285776e+02
   7.9969554e+01
   5.1383696e+02
   2.4211838e+02
   4.5540055e+02
   9.2996806e+00
   9.3057947e+01
   6.4130879e+01
   3.0832485e+01
   3.5389754e+01
   2.5455267e+01
   5.5116617e+01
   2.0351491e+02
   8.4474679e+01
   4.3636005e+01
   5.9269781e+01
   1.4343534e+02
   2.6860234e-01
   4.3371804e-02
   1.7091938e-01
   3.0437782e-02
   1.0652674e-02
   3.2512235e-02
   4.7401943e-02
   7.7030121e+02
   1.0948962e+02
   6.8586688e+01
   8.8210653e+01
   9.0651445e+01
   8.3051624e-05
   3.4148039e-02
   4.2664159e-01
   1.6826022e-01
   1.0834122e-01
   2.9242252e-01
   3.2847226e-02
   1.5223952e+00
   2.4753440e-02
   1.1461116e-02
   3.4609911e-02
   4.2521496e-02
   2.1331749e+02
   2.4663237e+02
   1.2009597e+02
   1.3035935e+02
   2.1461025e+02
   6.5060152e+01
   7.1691421e-02
   9.6490634e-02
   4.0326556e-02
   6.5802567e+01
   2.2719331e+02
   2.0440593e+02
   8.9632817e+01
   9.6627814e+01
   5.0435489e+01
   8.6552292e+02
   1.7710044e+02
   2.7509437e+02
   4.8887211e+02
   4.2686853e+02
   7.9767196e+02
   1.7589956e+02
   1.0907485e+03
   5.2402132e+02
   1.2212492e+02
   1.0352177e+02
   4.4818190e+01
   5.8635458e+01
   2.5729203e+02
   7.9614466e+01
   6.0150582e+01
   3.7690402e+01
   6.9539697e+01
   4.2722111e+01
   1.8469390e+02
   6.8239179e+01
   3.4693766e-01
   3.7156432e-02
   5.6150199e-01
   3.5480375e-02
   7.9110114e-02
   6.4425882e-02
   1.4659287e-01
   2.4039339e-02
   9.4224532e-02
   7.8335521e+00
   7.2137506e+01
   3.0217733e+01
   3.3851891e-02
   3.5849501e-02
   1.6316184e-01
   1.5078279e-01
   1.4413694e-01
   7.1844894e-02
   1.7095883e-01
   5.6162836e-02
   5.9664859e-02
   1.3229186e-01
   1.7170701e-01
   2.4838391e-02
   1.7374755e-02
   3.6860788e+02
   1.8576329e+02
   3.9807354e+02
   4.7697083e+02
   4.7190784e-02
   3.0998684e-02
   3.5621295e-02
   1.0178410e-01
   5.7397191e-02
   2.2973971e+02
   2.0950504e+02
   2.9209295e+02
   2.9773234e+01
   3.0140795e+01
   2.1133141e+02
   7.2998103e+01
   1.9835438e+02
   3.6880958e+02
   2.0467097e+02
   1.7515535e+02
   1.3923106e+02
   3.2906683e+02
   1.1628517e+02
   3.7027073e+02
   3.1124028e+01
   5.0699648e-01
   7.2862876e+01
   1.3428540e+02
   3.4924080e+02
   6.1503914e+01
   9.9643497e-02
   2.4576132e-01
   2.7348584e+02
   4.3599320e+02
   3.7450648e+02
