   1.0422888e+01
   1.1974270e+01
   1.2408805e+01
   3.2866080e+01
   2.2915944e+02
   1.8009781e-02
   1.8828045e-03
   7.5622791e-03
   7.7307072e-03
   6.0403478e-02
   2.0975079e-01
   1.3276740e-01
   2.2573238e-01
   6.0694238e-02
   1.5502242e-01
   5.1898169e-02
   6.9513229e-02
   5.6365552e-02
   3.9467908e-02
   2.3909682e-02
   5.2959020e-02
   8.8749057e-02
   4.5490056e-02
   8.9686270e-02
   8.6777765e-02
   9.1884813e-02
   7.5426822e-02
   1.6291168e-01
   1.0615384e+00
   2.0485696e-01
   3.7612403e-01
   2.9740806e-01
   8.9327738e-02
   6.2272554e-02
   7.0430254e-02
   1.9474907e-01
   1.4530400e-01
   2.3578140e-01
   1.6286299e-01
   8.7043790e-02
   1.0230435e-01
   2.6696112e-01
   6.7902729e-02
   5.7662166e-02
   6.2393194e-02
   1.2678584e-01
   3.8897079e-01
   9.1183836e-02
   3.6498828e-02
   4.6826380e-02
   5.0080197e-02
   4.7315627e-02
   1.4569323e-01
   7.9795307e-01
   5.4924761e-01
   2.6493648e-01
   5.8317838e-01
   1.1396985e+03
   4.9284849e+02
   2.6308405e+02
   1.4758696e+00
   5.3687791e+00
   4.6422877e+00
   3.6179163e+00
   1.7696307e+01
   3.0256407e+01
   1.6392336e-02
   6.9457650e-03
   7.2578731e-02
   6.4333221e-02
   4.5605760e-02
   4.5477635e-02
   4.5533466e-02
   5.6069797e-02
   2.5415279e-02
   7.6587881e-02
   1.0622078e-01
   3.6774300e-02
   3.8953298e-02
   2.2894951e-02
   1.2323133e-02
   3.3661322e-02
   4.0815177e-02
   2.0863157e-01
   4.1458705e-01
   4.3086386e-01
   1.0452615e-01
   5.1261446e-01
   6.3914841e-02
   2.6931890e-01
   1.6874219e-01
   1.6515443e-01
   9.5827654e-02
   1.1921267e-01
   2.8026317e-01
   2.0602306e-01
   9.5036349e-02
   8.2617628e-02
   8.8835781e-02
   8.0048870e-02
   4.5425841e-02
   1.4409007e-01
   9.8789297e-02
   1.6777502e-02
   2.5475320e-02
   2.0309989e-01
   1.4482901e-01
   2.6107041e-01
   4.8903521e-02
   3.2391367e-02
   5.3432554e-02
   4.8547311e-02
   3.4758736e-01
   1.3285588e-01
   3.8447963e-01
   3.6732052e-01
   1.4841769e-01
   9.1931312e+02
   9.1249990e+02
   8.5000424e+02
   1.6480968e+01
   2.0466222e+01
   1.1076584e+01
   1.2072190e+01
   1.3399413e+01
   1.4405274e+01
   6.0229732e+00
   1.8218692e-02
   3.0059787e-02
   1.4301989e+02
   2.4402115e+02
   1.3423938e+02
   1.3784857e+02
   4.4522196e-02
   1.0221329e-02
   5.7143951e-02
   8.6319567e-02
   3.9039404e-02
   5.6181896e-02
   3.5713256e-02
   2.4635441e-02
   1.2093729e-01
   2.4127253e-02
   3.2176081e-02
   5.4598416e-02
   1.5663973e-01
   5.2680124e-02
   4.1063774e-02
   4.5727054e-02
   8.5531248e-02
   1.7577944e-01
   1.8885933e-01
   1.5098179e-01
   2.0885334e-01
   2.5164406e-01
   2.1582113e-01
   8.7805510e-02
   8.4980449e-02
   1.7287120e-01
   5.3331220e-02
   1.5685433e-02
   8.4540178e-02
   1.1748329e-01
   3.3288471e-01
   8.9000316e-02
   5.1872673e-02
   1.5832738e-01
   7.4451063e-02
   1.5960797e-02
   2.2176521e-02
   2.5794034e-02
   9.9213759e-03
   4.6537372e-02
   4.0263150e-01
   6.9899855e-01
   1.4430975e-01
   3.4666759e-01
   3.0717066e+03
   6.1718270e-02
   1.7016729e+02
   2.5853259e+01
   1.7027630e+01
   1.1811867e+01
   1.6663688e+01
   2.2224031e+01
   1.2623694e+01
   4.2245352e+01
   6.6590033e+01
   1.1450866e+02
   1.7400223e+02
   2.0913638e+02
   1.1392224e+02
   6.4337931e+01
   6.0465377e+01
   6.9699739e-02
   4.4798261e-02
   2.2737693e+01
   6.0011115e-02
   4.5953430e-02
   1.5081208e-02
   4.3462736e-02
   8.5822265e-02
   3.8132262e-02
   8.1607245e+01
   7.8235229e+02
   1.8649588e+03
   1.5235486e+03
   1.3384337e+03
   8.1804805e+02
   5.5447284e+02
   3.9921227e+02
   1.6405905e-01
   5.9582464e-01
   2.2465364e-01
   1.3163607e-01
   1.6005252e-01
   1.7010786e-01
   2.9355715e-02
   2.7762788e-02
   1.1782445e-01
   3.9849554e-02
   3.3368879e-01
   2.7158704e-01
   1.8081409e-02
   3.0607684e-02
   3.3416971e-02
   4.4071957e-02
   7.8177712e-02
   1.0780539e-01
   1.0201761e-01
   9.3759683e-02
   2.2066346e-01
   4.4409479e-02
   1.6097802e-01
   4.5730278e-01
   6.2808759e-01
   1.1351063e-01
   2.2963049e-01
   4.9445684e-02
   5.2685978e-02
   1.2169049e-01
   6.6436257e+01
   2.8069811e+01
   7.5999421e+01
   1.9794410e+02
   2.1446719e+02
   1.8289559e+02
   1.9574024e+02
   9.6743287e+01
   1.2337269e+02
   1.2843316e+02
   9.6580701e+01
   5.8037909e+01
   5.1018288e+01
   8.8240204e-02
   6.9956974e+01
   9.8656262e+01
   1.8785829e+01
   3.0781123e+01
   9.7111589e+01
   7.5431926e-02
   4.4376792e+01
   7.4781448e+01
   1.3258576e+03
   4.6528936e+03
   1.5927032e+03
   2.8525571e+03
   1.7869697e+03
   2.0137542e+03
   1.2148105e+03
   3.9617729e+02
   1.0899940e+02
   8.8953278e-02
   1.8878568e-02
   1.0584458e-01
   1.4389033e-01
   9.9050555e-02
   6.8789611e-02
   2.6800008e-02
   2.7348013e-02
   9.0794352e-02
   7.4000920e-02
   5.9287569e-02
   3.1336177e-02
   4.0407514e-02
   1.8332147e-02
   2.1124234e-02
   5.3029137e-02
   3.8960194e-01
   7.8434218e+00
   2.9416760e+00
   1.4406462e+00
   7.5679857e-02
   1.7615015e-01
   2.3227896e-01
   1.6399567e-01
   1.1908949e-01
   2.6332460e-02
   5.0943167e-02
   7.7301716e-02
   1.8870257e-01
   6.5887935e+00
   2.3688695e+01
   9.8911684e+01
   4.4977901e+02
   9.4435907e+02
   4.5499567e+02
   1.4468112e+02
   7.4847447e+01
   6.8817019e+01
   9.0524865e+01
   7.9676718e-02
   2.0908689e+01
   4.4502047e+01
   2.6729652e+01
   4.0930041e+01
   6.5076362e+01
   5.8381905e+01
   3.6056453e+01
   7.3553868e+01
   1.4624894e+02
   5.0100988e+01
   2.4906064e+03
   7.5943378e+02
   1.2188967e+03
   2.0639438e+03
   1.9908687e+03
   2.0083829e+03
   4.3093124e+03
   4.9229818e+03
   2.9504125e+03
   4.1597099e+03
   2.6856469e-02
   8.4165765e-03
   1.5244628e-01
   3.1973430e-01
   3.6559717e-01
   6.8961216e+01
   9.0242417e+01
   2.7974905e+02
   3.6161375e+02
   8.2416045e-02
   6.4454599e-02
   4.8220747e-02
   7.2693337e-02
   4.8983156e-02
   8.2518771e-02
   1.1211590e-01
   1.5486464e+01
   7.0275000e+00
   5.3461527e+00
   1.2170441e+01
   2.3256753e-01
   5.8932025e-02
   1.8330197e-01
   4.0178319e-02
   1.1204309e-02
   1.4278909e-02
   1.2084691e-01
   6.3643046e-02
   9.9534684e-01
   9.9908109e-02
   2.2474873e+01
   4.8684696e+01
   1.1055874e+02
   2.4468003e+02
   6.6318516e+02
   6.4466542e+02
   1.7974710e+02
   5.4400712e+01
   3.7006181e+01
   1.5964045e+00
   1.4561036e+01
   6.3198833e+01
   2.3698913e+01
   1.6170060e+02
   3.4328118e+02
   1.1417162e+02
   9.2936079e+01
   4.1772384e+01
   2.1752832e+02
   1.5901893e+03
   1.4821429e+03
   5.2442775e+02
   5.0989425e+02
   4.9766092e-01
   5.2791270e-02
   1.7868298e-01
   3.7535765e+02
   8.9682495e+02
   9.4753242e+02
   6.0032278e+02
   1.4229969e+03
   4.9234764e-02
   3.0653091e-02
   8.5789227e+01
   1.1123615e+02
   1.0898107e+02
   2.3955338e+02
   1.9401264e+02
   1.1366201e+02
   4.6056713e-02
   3.0628501e-02
   3.7431975e-02
   9.4816372e-02
   3.3005435e-01
   1.6104968e-01
   7.7948149e+01
   2.1585319e+02
   9.9169851e+01
   3.9634111e-02
   1.1985011e+01
   4.8152385e+01
   5.7899104e-02
   2.9620289e-02
   1.2967794e-01
   2.1517371e-02
   3.2349541e-02
   2.8510804e-02
   8.1677926e-02
   2.5128148e+02
   4.9959677e-02
   9.0725176e+00
   1.9545675e+01
   3.4430470e+01
   7.9041028e+01
   4.1124006e+01
   2.9268617e+01
   3.8095318e+01
   3.2483453e+01
   5.1230925e+01
   3.6197095e+01
   3.5253912e+01
   1.1371087e+01
   1.6415919e+01
   1.9701439e+01
   2.5004779e+02
   1.1052036e+02
   5.1029973e+01
   3.3194777e+01
   7.4373767e+01
   4.3375426e+01
   3.5794696e+01
   1.0782050e-01
   1.5229414e+02
   6.3984689e+01
   5.1077346e-01
   3.5695174e-02
   5.9559946e-02
   5.2934294e+03
   1.1705573e+03
   5.2968061e+02
   2.6895199e+02
   8.6931994e+00
   7.9766307e+00
   2.0951195e+01
   7.1770324e+01
   4.4079314e+01
   6.2272758e-02
   3.8127908e-02
   4.5653264e+02
   9.7182836e+01
   1.9975027e-02
   3.5402267e+01
   1.8518550e+02
   1.4025819e+02
   1.7258683e+02
   2.3914902e+02
   1.9818682e+02
   3.4016468e+02
   6.2501476e+02
   3.9882090e+02
   7.0539974e+01
   1.0272417e+02
   1.2150363e-02
   5.3642251e-02
   5.0726393e-02
   1.8587323e-02
   1.0795595e-01
   3.9369576e-01
   7.4358022e+01
   7.0870538e-02
   4.2492770e-02
   1.5903786e+00
   1.3041672e+00
   2.4346589e+00
   5.8077845e+00
   2.3557696e+01
   6.2439695e+01
   4.4548259e+01
   2.9741595e+01
   2.5335617e+01
   4.5969180e+01
   5.7716269e+01
   8.3356902e+01
   2.1261882e+01
   1.4020246e+02
   1.5830188e+02
   2.7536330e+01
   1.5451544e+01
   2.5807998e+01
   1.3453637e+01
   3.9159402e-02
   2.0327363e-01
   1.1107448e+02
   1.2931633e+02
   1.4746679e-01
   1.9853052e-01
   1.3433294e+03
   6.1117123e+03
   9.0761503e+03
   4.6552437e+03
   2.7851669e+03
   1.6433334e+03
   2.1095234e+01
   3.6323428e+01
   3.8060345e+01
   3.2114687e+01
   3.3901936e-02
   3.3218172e-03
   1.3084822e+02
   2.0092572e+02
   1.0635647e+02
   1.1055874e+02
   2.0438961e+02
   3.2200919e+02
   5.9521786e+02
   4.2857101e+02
   4.7067688e+02
   6.9615193e+02
   2.2102305e+02
   3.8681621e+02
   2.4913766e+01
   2.4691483e+01
   1.5725456e+01
   5.6101788e-02
   1.2293551e-01
   2.6406875e-01
   2.9605158e-02
   1.3062326e-01
   2.5923507e+02
   8.7636512e-02
   7.4522002e-02
   6.6500631e-02
   6.7870325e-02
   1.6689784e-01
   1.1907445e-01
   9.5187372e-02
   6.3588413e+00
   6.2244458e+00
   2.6394987e+01
   4.4454883e+01
   3.2583163e+01
   2.1634636e+01
   3.8350505e+02
   1.8980336e+01
   6.2512530e+01
   5.3145338e+01
   4.7435473e+01
   5.7283776e+01
   8.5993980e-02
   1.2821658e-01
   1.7732693e-01
   2.5352152e-01
   3.1973536e+02
   3.4068517e+02
   1.6606802e+00
   9.1707324e+02
   1.4904117e+03
   1.6355330e+03
   9.4599778e-02
   1.4976365e+02
   2.5728868e+02
   8.0655740e+02
   6.6721212e+02
   2.4159699e+02
   1.2657808e+02
   4.0679003e+01
   8.8286993e+01
   4.7276874e+01
   1.0718240e+02
   1.7533542e+02
   2.7097330e+02
   4.6846456e-01
   5.9877072e+03
   7.9411984e+03
   1.1317536e+03
   1.4231671e+03
   7.4706761e+02
   9.9528546e+01
   6.1924292e+01
   9.8574897e+01
   4.3101784e+01
   2.0385063e+01
   1.2573892e+01
   6.5146226e-02
   1.2824878e-01
   5.4617020e-02
   7.3799645e-01
   1.4149410e-01
   4.1136400e+02
   8.5266782e-02
   2.2396039e-01
   1.1452470e-01
   3.5909891e-02
   6.9982192e-02
   1.2335334e-01
   3.9782315e-02
   4.5240527e+01
   2.4029923e-01
   7.7698195e+01
   1.5077352e+02
   8.7788192e+01
   3.1913737e+01
   3.6554728e-01
   2.9787366e-01
   9.5507630e+01
   4.7108421e+01
   6.4285434e+01
   2.3665201e+02
   3.1348904e+02
   3.5523189e-02
   3.1929505e-02
   2.0254143e-01
   3.3915853e-01
   2.6789518e+02
   3.3733266e+03
   8.3322626e+03
   2.6016283e+03
   1.1039638e-01
   4.4027036e+01
   5.8558939e+01
   1.5798236e+02
   4.7755330e+02
   5.0683399e+02
   5.0665157e+02
   2.4639908e+02
   1.6540043e+02
   3.9257189e+01
   2.2955604e+01
   2.6022950e+01
   7.0634676e+01
   7.5474048e+01
   5.2177928e+01
   2.5892415e+02
   2.0657038e+02
   4.3177304e+02
   3.6731701e+02
   2.1856324e+02
   1.7110682e-02
   6.4219886e-02
   1.4989954e+02
   1.0588769e+02
   7.1331527e+01
   5.3109950e+01
   1.1446762e-01
   5.9598384e-02
   1.0550719e-01
   1.5461212e-01
   1.2861781e-01
   1.4724525e+03
   5.4384232e+02
   8.2838660e-02
   5.1557660e-02
   3.5040366e-02
   1.1841781e-01
   1.5992397e-01
   1.2375894e+01
   8.0250050e-02
   6.3192193e-01
   7.9207138e+01
   9.5099899e-02
   3.8704761e-02
   1.9096152e-02
   5.0635375e-02
   5.0344189e-02
   9.1211788e+01
   1.0153733e+02
   1.8075379e+02
   2.6733638e+01
   2.0381762e+02
   6.5000234e-02
   4.3696057e-02
   6.5627754e-02
   1.5992448e-01
   6.0439574e+02
   6.3954192e+02
   2.4449351e+03
   1.2535658e-01
   3.0991838e+01
   6.4606860e+01
   1.3044470e+01
   6.6001974e-02
   4.2200026e-02
   1.1835564e+03
   4.0921439e+02
   3.7384974e+02
   2.6385161e+02
   1.8912429e+02
   4.1182251e+02
   1.6011021e+02
   2.2910058e+02
   3.1384992e+02
   1.4204311e+02
   1.0631967e+02
   8.7502630e+01
   4.7063394e+01
   7.2034399e+01
   9.1642842e+01
   2.1962650e-02
   3.4943506e-02
   1.4862856e+01
   2.6263458e+01
   3.2212171e+01
   4.3104847e+01
   8.9997700e+01
   6.5721286e+01
   4.7772962e+01
   4.2103044e-01
   1.5593268e+02
   1.2638746e+02
   1.9409494e+02
   1.4951428e+01
   2.2379177e-01
   5.7313615e-02
   3.8743079e-02
   1.0328075e+02
   2.3153056e+01
   1.4000298e-01
   4.1992675e-01
   2.1359852e-02
   4.0779737e-02
   8.4138536e-02
   5.0641276e-02
   3.7569924e-02
   7.9160015e-02
   2.5345126e-02
   2.3669736e+02
   4.4892309e+02
   6.3020095e+00
   7.2148903e+00
   4.1099879e-02
   8.7860627e-02
   2.3675527e-02
   5.3684791e-02
   6.3373167e+02
   3.5206290e+03
   6.3050228e-02
   1.6650720e+02
   1.7896398e+02
   2.0012846e+02
   1.0656578e-01
   2.4940212e-01
   1.2905332e-01
   2.2993365e-01
   7.1246971e-02
   1.4536049e+02
   9.6029893e+02
   8.9868115e+02
   3.3041187e+03
   3.2060583e+03
   1.8307715e+03
   7.9958251e+02
   2.8440050e+02
   2.9310276e+02
   1.0031183e+02
   5.4491300e-02
   3.6749638e-02
   1.2553415e+02
   7.6320232e+01
   2.9237288e-02
   3.7157277e-02
   5.1955384e+01
   2.7933500e+01
   2.3515568e+01
   2.3268865e+01
   3.6164330e+01
   4.9235472e+01
   6.6739611e+01
   1.5540083e+02
   1.1022433e+02
   1.7261872e+02
   1.0210420e+02
   1.9737545e+01
   1.9393928e-02
   9.9671162e+00
   1.8408965e+01
   4.6551922e-02
   8.6768691e-02
   6.3612566e-02
   1.8144644e-01
   1.8382477e-01
   5.3938324e-02
   3.0096421e-01
   5.5875544e-02
   1.9419196e-02
   4.8059408e-02
   5.8643683e-02
   8.8930564e+01
   3.0135857e+02
   4.3368527e+02
   5.0890056e+02
   2.4361174e-01
   1.8938091e-01
   7.5110814e+02
   4.2299869e+03
   7.1783012e+03
   6.7897522e+01
   1.4627849e+02
   1.9360880e+02
   7.5869247e-02
   8.6985489e-02
   1.7266809e-02
   2.7949950e-01
   1.2328535e-01
   1.3733992e-01
   6.1487804e-02
   6.9959438e-02
   1.2555629e-01
   1.0403400e-01
   3.5721765e+02
   3.7690512e+02
   1.1083060e+03
   5.9421659e+02
   7.3926135e+02
   8.3158386e+02
   1.0649489e-01
   1.2263116e-02
   9.0971322e+00
   1.0604094e+01
   2.6722064e-02
   1.2597806e-01
   2.2081650e+01
   2.7878330e+01
   3.8904552e+01
   8.0644580e+00
   3.8815262e+01
   3.0521123e+01
   6.9506930e+01
   2.0636091e+02
   1.5936603e+02
   1.6859611e+02
   4.9692864e+01
   2.1311568e+01
   3.8636411e+01
   5.1376535e+01
   2.7484949e-01
   9.2589089e-02
   1.2670836e-01
   1.0970991e-01
   1.0780026e-01
   7.1339789e-02
   8.1607941e-02
   7.9368284e-02
   5.7993073e-02
   7.0841012e-02
   2.6860577e-01
   3.8588199e-01
   2.9443844e-01
   1.0507897e+02
   1.4624909e+02
   2.5492601e+02
   1.9689959e+02
   2.3832238e+03
   1.7003382e+03
   1.5939526e+03
   1.4698263e+02
   1.4722433e+02
   1.3998704e+02
   5.5675994e-02
   1.9308596e-02
   1.0770993e-01
   2.1630436e-01
   9.4249302e-02
   1.2003706e-01
   7.2152913e-02
   5.8493907e-02
   7.0584468e-02
   3.1907188e-02
   1.0539422e-01
   2.1546959e+01
   7.9106501e+01
   3.3273685e+01
   1.0648488e-01
   5.8416956e+02
   7.9852752e+02
   2.2188977e+02
   6.8755599e-02
   5.2985289e-02
   3.3721383e+00
   4.7172407e+00
   3.0661204e+01
   4.6377035e+01
   4.9652637e+01
   1.7724292e+02
   1.1949898e+02
   7.0159872e+01
   5.2713114e+01
   8.5420511e+01
   6.5427465e+01
   8.6875692e+02
   1.2178911e+02
   1.9103203e+02
   3.1049985e+01
   2.8429386e+01
   2.1777386e+01
   2.1656670e-01
   4.4978241e-02
   2.6939528e-02
   7.8320705e-02
   6.0621847e-02
   1.9581080e-02
   4.5749659e-02
   1.5555684e-01
   5.1624100e-02
   7.3330944e-02
   5.4982796e-02
   1.8615629e-01
   8.7982681e-01
   4.2608152e+02
   2.1864475e+02
   2.9045762e+02
   3.2400075e+02
   6.6309566e+02
   8.6669128e+02
   2.0424998e+02
   1.4435100e+02
   1.7734743e+02
   6.2633239e-02
   1.4419119e-02
   3.8703309e-02
   2.0408179e+02
   8.9187175e-02
   1.2199482e-01
   6.4223940e-02
   1.9034707e-02
   2.4349869e-02
   2.9434625e-02
   1.6851212e-02
   2.0460139e-01
   1.2979404e+01
   5.0781134e+00
   2.9298096e-01
   1.3732467e-01
   3.2844702e-01
   4.0636980e+02
   6.3193104e+02
   3.6687942e+02
   9.0981396e-03
   1.8863487e+01
   2.2856722e+01
   1.0319948e+01
   1.7479606e+02
   2.6857409e+02
   1.3974185e+02
   2.9861262e+02
   4.6969360e+02
   6.2740301e+01
   5.9526571e+01
   7.3495134e+01
   2.7076864e+02
   7.4897032e-02
   9.1098958e+02
   2.9500682e+02
   5.8180329e+01
   4.8869048e-02
   2.4963156e-01
   4.1639792e-02
   1.7795933e-02
   7.1630092e-02
   2.1410399e-02
   5.4834748e-02
   1.0265932e-01
   5.0527060e-02
   9.8944285e-02
   5.4011343e-02
   6.6080872e-02
   1.5838682e-01
   4.5882728e-01
   1.8391507e+02
   6.4930039e+02
   8.7286244e+02
   7.8389721e+02
   1.2346494e+03
   7.6812885e+02
   5.4303299e+02
   2.0495113e-01
   1.1482528e-01
   3.7554804e-02
   8.4529304e-02
   1.7184917e+02
   1.5225454e+02
   1.5572057e+02
   2.4797253e-02
   3.6644868e-02
   1.4289021e-02
   1.0755093e-01
   1.6931515e-01
   4.6652364e-01
   7.4192388e+00
   1.5098713e+01
   9.5291561e-02
   4.5889109e-01
   8.1555157e-02
   4.8641376e-02
   3.3062580e-01
   1.0354709e+02
   1.8537556e+02
   2.8610033e+02
   8.4908905e+02
   5.6719868e+02
   8.5699275e+01
   8.7448055e+01
   4.0314689e+01
   7.9118092e-02
   4.9341508e-02
   1.6506493e-02
   2.6053349e+00
   7.8917805e+00
   1.0713258e+01
   1.9645153e-01
   5.9699550e-02
   5.4601780e-02
   1.6105444e-01
   2.2472915e+02
   5.8536207e+02
   2.5826509e-01
   5.4351768e-02
   1.4141554e-02
   8.2729907e-02
   2.1990784e-02
   9.2298365e-02
   1.3903715e-01
   1.9809440e-01
   1.5533671e-01
   1.8592113e-01
   2.5744128e-02
   4.0159357e+01
   3.0545743e+01
   3.3184844e+01
   7.4151850e+01
   2.3783705e+02
   2.8263038e+02
   3.4481770e+02
   1.6462982e+03
   1.7705997e+03
   1.0380967e+03
   2.3305947e-01
   2.1528503e-01
   6.2393061e+01
   1.2886011e+02
   9.2343749e-02
   7.4370979e-02
   2.2427320e+02
   2.0522519e-01
   1.0605319e-01
   8.5245737e-02
   2.0679929e-01
   2.5375478e-01
   3.7540419e+02
   1.0847838e+02
   1.8155278e-01
   4.8022589e-02
   1.1097755e-01
   6.1413807e-02
   3.4495288e-02
   3.8520562e+01
   1.7685370e+02
   2.6976965e+02
   7.4448454e+02
   7.4577488e+02
   4.1480119e+01
   8.9295106e-02
   1.2782057e-02
   3.1599300e-02
   7.6097656e-02
   1.0823791e-01
   4.6426058e-02
   3.5880983e-02
   4.6693439e-02
   9.1364457e-02
   9.0227683e-02
   7.4671682e-02
   1.1747861e-01
   9.3755119e+01
   2.4958588e+02
   2.5858273e-02
   8.5033245e-03
   1.1835278e-02
   7.9843149e-02
   1.0006741e-01
   7.8817425e-03
   8.4220109e-02
   3.1950548e-01
   6.8788376e-02
   1.0253699e-01
   2.5223404e+01
   3.4448023e+01
   1.4107452e-01
   1.5884208e-01
   1.4139371e-01
   2.6000518e+01
   3.0773410e+01
   7.5248234e-02
   6.0707738e-02
   1.0074720e+03
   2.2782682e+02
   9.2391466e+01
   8.2433529e+01
   1.8607307e+02
   6.2532013e-02
   4.5786285e-02
   3.0693682e-02
   2.2655331e-01
   2.9278522e+02
   2.3054253e-01
   2.0302376e-01
   1.0542085e-01
   8.8500502e+01
   3.6570457e+02
   1.3267199e-01
   5.1979741e-02
   1.4383692e-01
   4.5033976e-02
   2.8093779e-02
   6.1398855e-03
   1.3148486e-02
   4.2574370e+02
   9.8267417e+02
   1.4582619e+03
   2.4878151e+02
   8.0940688e-02
   2.0157837e-02
   3.4497501e-03
   8.3065942e-02
   8.9957957e-02
   1.6325235e-01
   2.0653795e-01
   1.1109335e+00
   2.7871068e+01
   2.0409397e-02
   2.6949712e-02
   5.9009921e-02
   5.4553482e-02
   5.6796281e-02
   4.0775877e+02
   1.1073653e+03
   8.4808356e-02
   1.1122039e-01
   3.9629091e-02
   1.0310219e-02
   6.5634369e-02
   5.6497647e-01
   8.1493452e+02
   1.1670404e+03
   2.3024009e+02
   9.4690665e+00
   5.0298555e+00
   6.2724947e-02
   1.1897540e-01
   4.1266891e-02
   5.8319793e-02
   1.0374499e-01
   2.2868726e-01
   1.6690390e-01
   4.1898165e-01
   5.7138915e+02
   5.9541591e+02
   6.4119736e+02
   4.9615020e+02
   2.2317410e-01
   1.5022253e-01
   1.1178981e-01
   1.3030822e-01
   1.1890272e+02
   1.2800635e-01
   3.7549392e-01
   1.9543257e-01
   3.7060083e+01
   7.5023278e+01
   4.4744013e-01
   1.2989678e+00
   2.8828933e-01
   9.0661159e-02
   1.9672932e-02
   9.4255617e-03
   2.4441769e-02
   1.2160499e-02
   4.7651159e+02
   1.0666279e-01
   6.5814822e-02
   1.4774975e-01
   2.5116137e-01
   6.8664011e-02
   2.9894238e-02
   4.1688222e-02
   7.9039399e-02
   1.7749041e-01
   4.6628076e-01
   1.3527889e+02
   4.4358110e-02
   1.5634850e-02
   1.7034684e-01
   9.7090328e-02
   2.9738216e-01
   1.9031385e-01
   7.0733247e+02
   9.6739270e-02
   1.2854831e-01
   1.0615175e-01
   3.1490853e-02
   5.6940725e-02
   1.4831598e+03
   2.0061489e+03
   1.5579156e+03
   1.2761722e+03
   1.9931905e-01
   4.5010861e-02
   3.7197071e-02
   1.7483048e-01
   8.2122431e-02
   2.4660720e-02
   1.9380962e-02
   3.2184205e-01
   3.0167176e-01
   3.2793219e-01
   1.3806184e-01
   6.0476486e-02
   1.4467334e-01
   3.9612628e-02
   1.0779977e-01
   2.1889226e-01
   1.5053869e-01
   3.4589164e-01
   1.9752435e-01
   4.3012341e-02
   5.8598429e+02
   2.3395962e+02
   2.7970158e+02
   1.1740665e-01
   2.5437477e-01
   5.7407562e-01
   1.6950506e-01
   9.5506488e-02
   3.3659907e-02
   4.2306878e-02
   3.8020936e-02
   8.2750784e-02
   3.9748315e-02
   2.2209082e-02
   1.7267451e-01
   1.1932827e-02
   9.8016218e-02
   6.5527811e-02
   3.0569123e-01
   8.0015800e-02
   1.7839760e-01
   9.6496580e+01
   7.6291551e+01
   1.8034683e+01
   7.9913884e-02
   1.2088966e-02
   1.1293132e-01
   6.3235906e-01
   1.0376508e-01
   3.8724551e-01
   2.1846153e+02
   3.3459961e+02
   3.0139463e+02
   5.1546726e-02
   1.9167331e+02
   3.4730553e+02
   6.8393548e+02
   1.0025867e+03
   1.0560630e+03
   1.4062893e+03
   1.1170581e-01
   1.9753524e-01
   3.1222698e-02
   1.8471655e-02
   8.9958041e-02
   2.5986992e-02
   3.8388176e-02
   3.1850752e-02
   2.0502694e-01
   5.5233407e-01
   2.2457325e-01
   5.1037244e-02
   3.1101290e-01
   3.0257255e-01
   1.6181272e-02
   3.5594710e-02
   1.2017757e-01
   1.8328120e-01
   9.7923881e-02
   1.0816524e-01
   2.1595513e+02
   7.7441407e+02
   1.2672117e+03
   1.7903209e-01
   2.7992521e-01
   7.0588203e-01
   7.4309534e-02
   1.7741686e-02
   5.7303671e-02
   6.8204326e-02
   2.4654200e-01
   2.7931930e-02
   1.9206764e-02
   3.3247152e-02
   6.1252816e-02
   5.5036354e-02
   3.1720826e-01
   4.5923724e-02
   9.3421771e-02
   2.2881902e-01
   4.4842678e-01
   1.5574161e-01
   4.8551835e-01
   2.5105705e-01
   3.6401908e-02
   2.5149337e-02
   9.5920718e-02
   1.6404219e-01
   1.0644939e-01
   4.1203438e-02
   3.3264181e-01
   4.3094395e+02
   3.6449327e+02
   1.8219928e+02
   1.3976108e+02
   6.9493237e+02
   1.3982486e+03
   1.3065939e+03
   5.9833898e-01
   2.6270652e+02
   1.6626977e-01
   8.2391989e-02
   2.3153006e-02
   1.9292678e-02
   3.3247200e-03
   1.6521636e-02
   3.4925351e-02
   9.3274898e-02
   1.0061806e-01
   1.0169497e-01
   1.0077556e-01
   1.4445404e-01
   4.9375963e-01
   8.6812443e-01
   6.3253453e-02
   1.4692821e-01
   3.0832168e-01
   1.2666092e-01
   7.0464482e-02
   5.3931235e-02
   1.5497258e-01
   9.5690857e-02
   2.8605686e-01
   6.5508385e-02
   5.3505309e-01
   4.6392688e-02
   2.4654926e-02
   1.4358616e-01
   1.3767190e-01
   1.5040083e-01
   1.2753788e-01
   5.2365087e-02
   5.7494416e-02
   1.9443094e-01
   1.0037536e-01
   9.4289677e-02
   1.4190527e-01
   2.2806124e-01
   4.2587099e-01
   4.6039613e-01
   8.9371402e-01
   1.9955939e-01
   4.9455188e-01
   1.3090765e-01
   8.8029529e-02
   1.1042188e-01
   5.6627781e-02
   8.3148263e-02
   9.2699617e-02
   6.1564344e-02
   5.1966678e-02
   4.9639769e-01
   2.6789837e+01
   9.4122360e+01
   8.3777570e+01
   1.1108283e-01
   2.2553730e+01
   4.4801962e-02
   6.7652916e-01
   1.4168442e+02
   5.6027831e-01
   3.8231262e-01
   1.3327762e-01
   2.6208120e-02
   2.4172055e-02
   4.6528723e-02
   3.6592725e-02
   9.2123442e-03
   3.7991447e-02
   5.7142510e-01
   1.4931643e+00
   1.0395651e-01
   8.9731395e-02
   2.4686436e-01
   3.2086384e-01
   2.9535274e-01
   1.6230406e-01
   3.6051360e-02
   4.6640739e-02
   1.2825437e-01
   2.1151976e-01
   8.2068604e-02
   6.4529759e-02
   1.1877474e-01
   1.3662332e-01
   1.2428200e-01
   1.0456749e-01
   9.0337449e-02
   1.4469941e-01
   7.9700510e-02
   3.6410689e-02
   1.9586196e-02
   6.8398154e-02
   2.5736883e-02
   2.3906851e-02
   3.2751338e-02
   8.9075345e-02
   6.8229666e-02
   9.2280127e-02
   1.5108087e-01
   4.1323042e-01
   1.4846022e-01
   1.3223237e-01
   9.4788832e-02
   6.6006388e-02
   1.2378522e-01
   3.2367563e-02
   3.7817915e-02
   3.1377302e-02
   6.4806575e-02
   5.5588485e-02
   1.2713967e-01
   1.6764607e-01
   1.4275820e-01
   6.3570098e-02
   6.9005888e-02
   5.0340477e-02
   3.3580545e-01
   2.8660953e-01
   1.7136135e+02
   2.4313702e-01
   2.5745366e-01
   5.2097144e-01
   2.5271052e-01
   4.0987209e-02
   2.4238663e-02
   5.1649332e-02
   2.6803732e-02
   1.9722790e-02
   1.3360324e-01
   2.0751880e-01
   1.2650161e-01
   1.3584434e-01
   3.4532203e-02
   6.0047196e-03
   6.7444202e-02
   1.0177753e-01
   8.0307566e-02
   8.6402699e-02
   1.1454530e-01
   1.4578247e-01
   2.8326728e-01
   1.5314940e-01
   2.1421237e-01
   7.9380309e-02
   4.6277889e-02
   2.8276649e-02
   5.6644352e-02
   7.4328366e-02
   7.6431405e-02
   7.3166762e-02
   5.5931147e-02
   7.2888412e-02
   7.7999862e-02
   4.4125491e-02
   3.3205991e-02
   3.8711886e-02
   5.1153080e-02
   5.5594398e-02
   1.0539506e-01
   1.0867519e-01
   3.7583772e-02
   6.5213728e-02
   4.3714091e-02
   5.2880909e-02
   8.5117792e-02
   2.3838663e-01
   5.7052707e-01
   4.1939080e-02
   5.6893153e-02
   2.8176149e-02
   3.1283357e-02
   6.7326782e-02
   3.8723581e-02
   4.8026290e-02
   5.8207910e-02
   4.1230798e-02
   4.0397426e-02
   8.6326458e-02
   4.1206701e+01
   3.9931959e-02
   2.5970244e-01
   5.0868060e-01
   6.8319910e-02
   9.9243453e-02
   4.0529641e-02
   8.8904458e-02
   1.6491216e-01
   1.5467118e-01
   1.0085542e-01
   2.4165620e-02
   1.3890828e-01
   8.0917585e-02
   7.5509096e-02
   3.3205967e-02
   5.6356082e-02
   3.4332689e-02
   2.7256125e-02
   2.0598822e-02
   8.9232282e-03
   1.1632322e-01
   2.2846354e-01
   1.4711485e-01
   2.0168033e-02
   4.7062118e-02
   1.6725456e-02
   1.4735752e-02
   3.2710165e-02
   2.4311319e-01
   1.1683089e-01
   1.1071281e-01
   8.9071255e-02
   6.7200301e-02
   2.8895529e-01
   6.0225094e-02
   2.0453596e-01
   2.1820263e-02
   4.0019397e-02
   6.5174672e-02
   4.5445909e-02
   1.8854836e-01
   3.0906078e-02
   1.3986926e-02
   3.9436241e-02
   1.2233071e-01
   6.9794362e-02
   6.1004015e-02
   1.8746514e-01
   5.0005978e-02
   3.2306131e-02
   3.3593334e-02
   8.7646138e-02
   1.1362256e-01
   6.5385484e-02
   3.7872018e-02
   7.0708749e-02
   1.1068147e-01
   1.1912017e-01
   7.4767174e-02
   4.6171910e+02
   2.0502676e-02
   3.0854154e-01
   2.0038884e-01
   2.8943508e-01
   7.6979476e-01
   2.6801308e-01
   5.3664399e-02
   1.8860601e-01
   2.4536155e-01
   3.8042647e-02
   2.7134771e-02
   2.1778801e-01
   5.7310070e-02
   2.6690242e-02
   3.6098411e-02
   3.2315589e-02
   5.8283628e-02
   7.7870478e-03
   2.3871508e-02
   6.8789863e-02
   1.5416077e-01
   3.9246900e-02
   2.1236939e-02
   5.2930064e-02
   7.2053175e-02
   7.0673093e-02
   7.8978050e-02
   2.9014601e-02
   8.4645830e-02
   7.5820031e-02
   3.4582060e-02
   6.1882416e-02
   7.7833875e-02
   7.8736387e-02
   8.5457419e-02
   6.0652015e-02
   1.9758883e-02
   2.2607298e-02
   6.1406148e-02
   1.3874762e-01
   2.6317809e-01
   6.9375040e-02
   2.8208056e-02
   1.9979309e-02
   2.1710534e-01
   8.4476520e-02
   6.0170013e-02
   9.7993068e-02
   1.3996337e-02
   3.4091362e-02
   1.8507131e-01
   1.0544088e-01
   5.0719280e-02
   2.9875430e-02
   1.7017283e-01
   3.2789656e-02
   8.1610262e-02
   6.1071385e-02
   8.8951215e-01
   3.7660068e-01
   1.1525088e-01
   1.0258283e-01
   6.4198067e-02
   1.8537912e-01
   7.0698433e-02
   5.3404263e-02
   6.4138620e-02
   5.4389420e-02
   2.0963447e-01
   5.7312925e-02
   3.8301488e-02
   8.6947087e-02
   5.4502138e-02
   4.4117436e-02
   1.4978543e-02
   2.4360731e-02
   5.4705885e-02
   1.0023280e-02
   1.5347222e-02
   8.8499602e-02
   5.8235174e-02
   3.3935924e-02
   6.7098613e-02
   2.5527164e-01
   2.3331380e-01
   4.7546345e-02
   2.1648228e-01
   1.5999651e-01
   4.6396958e-02
   3.3303565e-02
   6.7327508e-02
   2.5639298e-02
   2.7068924e-02
   6.8788412e-02
   2.7381179e-02
   6.7310259e-02
   6.2858649e-03
   5.8124754e-03
   3.7455887e-02
   1.3793019e-01
   4.5111398e-02
   1.0278914e-01
   2.4488663e-02
   1.9799450e-02
   9.7557115e-02
   3.5982839e-02
   9.8148955e-02
   4.3252385e-02
   5.9687999e-02
   3.8800895e-02
   5.6830125e-02
   1.5305035e-01
   1.0721966e-01
   7.1440001e-02
   6.2893459e-02
   2.4847408e-01
   1.1669950e-01
   1.7105486e-01
   3.3787721e-01
   1.1717800e-01
   3.6008796e-02
   7.4645617e-02
   9.9477026e-02
   1.9602652e-01
   5.8932571e-02
   1.2844777e-01
   1.2559571e-01
   1.0808927e-01
   1.7623901e-02
   2.2089893e-02
   4.9643746e-02
   4.8070401e-02
   6.8754994e-02
   5.1713061e-02
   5.0796522e-02
   5.9140234e-02
   6.4167600e-02
   3.3970554e-02
   4.5286297e-02
   5.3523662e-01
   3.3040469e-01
   2.6009020e-01
   3.0472343e-01
   5.7207369e-02
   3.3561560e-02
   1.9917989e-01
   1.0110728e-01
   9.3306805e-02
   7.4001610e-02
   5.0714914e-02
   2.8379351e-02
   2.3640160e-02
   1.2901612e-01
   9.0278752e-02
   1.0889457e-01
   6.7199635e-02
   1.9627381e-02
   1.5087692e-02
   1.6866439e-02
   1.5952862e-02
   1.6894142e-01
   1.9078147e-01
   1.7455223e-01
   8.9595713e-02
   2.4644041e-02
   2.0253091e-01
   5.1018520e-02
   7.8573992e-02
   2.0518531e-01
   5.2127099e-02
   2.9774849e-01
   8.7237714e-02
   2.4566962e-01
   7.3955285e-02
   1.1948321e-01
   2.3767391e-02
   2.8022235e-02
   3.1481419e-02
   7.3664304e-02
   1.9578466e-01
   2.7344213e-01
   2.4834320e-01
   1.6764383e-01
   1.1704724e-01
   1.3800258e-01
   2.5422524e-02
   3.6848615e-02
   7.2963945e-02
   1.2932378e-02
   1.1451467e-02
   7.9581274e-02
   6.9267607e-02
   5.8870496e-02
   1.9051278e-02
   4.6833781e-02
   1.2116909e-01
   1.4613185e-01
   1.3817415e-01
   2.7849326e-01
   1.7276921e-02
   6.3700862e-02
   4.8774875e-02
   1.4486760e-01
   1.1141464e+00
   4.6257181e-01
   2.1809986e-01
   1.6984686e-01
   8.3039840e-02
   2.4564094e-01
   1.0287895e-01
   3.7163095e-02
   3.5015014e-02
   5.9628696e-02
   2.2467456e-01
   3.5517747e-01
   8.4694625e-02
   6.5051009e-02
   1.5840823e-02
   8.6225610e-03
   2.0375433e-02
   3.0868497e-02
   5.0461891e-02
   4.2998660e-02
   3.6290025e-02
