   9.0269656e-02
   2.6373029e-01
   6.0645530e-02
   9.3188723e-02
   1.4316934e-01
   1.0109421e-01
   1.7598859e-02
   2.8854836e-01
   6.7206558e-02
   6.2612816e-02
   2.2722528e-02
   4.3688261e-02
   7.7333411e-02
   8.6487644e-02
   1.7428944e-01
   8.0465546e-02
   6.9198308e-02
   2.2267741e-02
   3.8631414e-02
   1.0425750e-01
   1.0007099e-01
   5.3309947e-02
   5.6797311e-02
   2.0407801e-01
   2.4935386e-01
   1.7654549e-01
   6.6739074e-02
   8.9681587e-01
   1.7722021e+00
   2.7946063e-02
   1.7741036e-01
   1.5325418e-01
   9.1819452e-02
   5.3732100e-01
   9.0278635e-03
   1.0719023e-01
   5.0782752e-01
   6.4808987e-02
   1.5908533e-02
   3.4224682e-02
   1.0207843e-01
   3.5728255e-02
   3.0533674e-01
   1.7436695e-02
   1.4744174e-01
   5.4785434e-02
   2.5750829e-02
   9.5275506e-02
   2.0070319e-02
   8.1970816e-02
   7.5003874e-02
   8.6155835e+02
   3.5177925e+03
   1.5093403e+02
   6.5473367e-03
   6.5089705e+01
   2.0817372e+01
   1.9421191e+02
   2.3841102e+02
   9.1135863e+01
   9.0140486e-02
   1.2490811e-02
   2.2725432e-01
   1.2287871e-01
   2.0187935e-02
   1.0499798e-02
   4.9598882e-02
   2.2417237e-02
   6.7504807e-02
   6.6515147e-02
   1.8403484e-01
   1.8533429e-01
   8.1201943e-02
   4.3678188e-02
   1.1303626e+00
   2.4850931e-02
   1.2937138e-01
   4.6766183e-02
   7.3634925e-02
   3.3774694e-03
   1.0196916e-01
   1.1383234e-01
   6.1546874e-02
   2.3955927e-01
   4.8639535e-02
   1.0499462e-01
   1.7192779e-01
   1.1187920e+00
   2.5076276e-01
   1.0724216e-01
   1.2766329e-02
   1.4617446e-01
   2.4689856e-01
   1.5332110e-01
   3.1342398e-01
   3.8145877e-02
   4.8376090e-01
   1.6651357e-01
   9.9966575e-02
   2.7534589e-02
   5.6061592e-02
   4.3875186e+02
   1.7385687e+01
   1.1978546e-04
   7.5398026e-02
   2.4336396e-01
   6.6005855e-02
   4.8385741e-02
   6.9401771e-02
   6.3666912e-02
   1.9120374e-02
   4.6775026e+03
   7.2612344e+03
   1.9906314e+00
   3.4090011e-02
   5.3195464e+02
   8.1384707e+02
   6.1128318e+02
   7.6407140e+02
   4.8645372e+01
   1.3786543e-02
   1.2635639e-02
   1.2297976e-01
   1.9618398e-02
   2.3671954e-02
   1.2776994e-02
   1.8874581e-02
   5.6418196e-02
   1.7778315e-01
   4.7985499e-02
   4.4009380e-01
   2.4642814e+02
   4.4338348e+01
   6.0943995e-02
   3.3890782e-02
   2.8083188e-02
   4.5543040e-02
   5.7838304e-02
   5.7115316e-02
   4.6774811e-03
   2.0446942e-01
   4.6529681e-02
   1.6983925e-01
   5.7244957e-03
   1.2198586e-01
   9.1106726e-02
   1.1726404e-01
   5.1697725e-01
   3.4601214e-02
   1.5774629e-01
   1.0098859e-01
   5.6702452e+02
   3.3548442e-03
   1.3317730e-01
   1.4610025e-01
   8.0107482e-01
   2.4555074e-01
   1.8046161e+00
   7.7795381e-02
   1.0755543e-01
   1.3144392e+02
   1.2396976e+02
   2.6254228e+01
   5.6904836e+01
   7.9134327e-02
   7.0445715e-02
   1.1314960e-01
   1.2931672e-02
   1.7137329e-02
   4.6526538e-02
   8.7443728e+02
   2.4155064e+03
   1.6889864e+03
   1.2200744e-01
   2.4211246e-01
   3.5848399e+02
   2.4970201e+02
   1.2705866e+02
   5.3741458e+02
   5.3880117e+01
   2.0000469e-02
   1.4190750e-01
   9.7099442e-02
   2.3843853e-02
   2.5844188e-02
   7.0502182e-02
   1.1334962e-01
   2.4542553e-02
   9.3607643e-02
   5.3138880e-02
   2.0630882e-02
   2.6723816e+02
   1.7650601e+02
   1.3989008e-05
   5.7829378e-02
   1.1064444e-02
   9.6444926e-02
   5.1461980e-03
   1.9326604e-02
   4.5687245e-02
   2.7565450e-02
   1.0923911e-01
   3.7664394e-02
   1.0555634e-01
   2.9275539e-02
   1.6800410e-02
   4.5062964e-02
   2.2021026e-01
   1.7716089e-01
   1.5117491e-01
   4.8963008e-02
   5.5380491e+02
   3.2323409e-02
   1.5891876e-01
   2.7047331e+02
   2.8339508e+01
   7.6250808e-02
   1.1435815e-01
   2.1712804e-01
   1.2034133e+02
   1.2352464e+02
   6.1919538e+01
   1.2879424e-02
   3.9281115e-02
   1.5051897e+01
   6.1110241e-02
   1.7786128e-01
   4.3591260e-02
   6.4217751e-02
   2.5216187e+02
   6.0490408e+02
   3.1498521e+03
   7.0888046e+02
   2.3646316e+02
   2.1428058e-01
   4.2286584e+02
   1.4963188e+02
   2.0597449e+02
   2.6424953e+02
   2.1851472e+02
   2.0447031e-02
   2.4754593e-02
   4.2085163e-02
   9.8289367e-02
   5.4577365e-02
   1.5850304e-01
   6.6819530e-02
   7.4270717e-02
   1.0696404e-01
   3.6264688e-02
   3.9987966e-02
   3.4648873e+02
   1.5631769e+02
   8.8730944e-04
   1.8830780e-01
   1.7629756e-02
   2.6903709e-02
   1.2737177e-02
   4.2407210e-02
   1.6810383e-02
   2.3686483e-02
   2.2840982e-02
   1.1353479e-02
   8.1405594e-02
   7.6316985e-02
   2.5128037e-01
   3.5134364e-02
   2.0069932e-02
   1.5312504e-01
   1.1824969e-02
   1.0951181e+03
   3.9300202e+02
   8.0893996e-02
   6.9196216e+02
   8.9321211e+01
   6.0340187e+01
   5.9033545e+01
   2.2870362e+02
   5.9994287e+01
   8.1925166e+01
   7.3105958e+00
   1.0613801e-01
   1.4090545e-02
   2.6206258e-02
   1.9787659e+02
   4.0764823e-06
   7.6876477e+02
   9.6389840e+02
   3.9261892e+02
   3.7121774e+02
   3.8373681e+02
   2.0148063e+02
   5.5526540e+02
   3.5153064e+02
   2.6433680e+02
   1.3576013e+02
   3.1146614e+02
   1.5455836e+02
   6.3055748e+01
   6.2114061e+01
   1.7670873e-02
   1.9912654e-01
   9.0687180e-02
   4.9096774e-02
   4.3383049e-02
   3.6887518e-02
   9.8510834e-02
   5.4505001e-02
   4.5688538e-02
   1.5079318e-01
   9.3972804e-02
   3.5584859e+01
   3.4017380e+02
   2.5719005e-02
   3.4377223e-01
   2.5769451e-01
   6.8976068e-02
   5.4997202e-02
   2.7566475e-02
   1.1392647e-01
   2.6251899e-01
   4.1356389e-01
   7.3687928e+01
   7.2492253e+01
   3.1374391e-01
   4.6789989e-02
   1.6491234e+02
   5.7706206e-02
   4.4093171e-01
   7.8619698e-01
   1.8515519e+02
   1.6585127e+02
   3.8502559e-03
   1.2343386e+02
   8.6097704e-02
   1.4607201e-01
   7.7811822e+01
   2.7046660e+02
   2.2363393e+02
   5.1526199e+01
   5.5521590e-03
   3.0103609e-02
   2.0988567e-01
   8.8803508e-02
   4.7794632e-02
   7.3970695e+02
   4.0833671e+02
   6.1630594e+02
   8.3314754e+01
   9.1523024e+01
   2.0910716e+01
   2.5363296e+00
   3.7145815e+02
   3.1573562e+02
   2.8022080e+02
   5.7610108e+02
   2.6555853e+02
   7.4585436e+01
   3.5157694e+01
   2.9866209e+01
   1.6552783e-02
   2.6587912e-01
   3.3110317e-01
   2.0677485e+02
   5.3646248e+02
   6.8304859e+02
   2.4103721e-02
   9.3790415e-02
   6.8608176e-02
   2.0023680e-01
   8.9815649e-02
   3.6625454e-01
   3.4019875e-02
   6.9628800e-02
   4.8512611e-01
   6.2953715e-02
   5.1094259e-01
   1.0034684e-01
   2.5688948e-02
   7.1674367e-02
   1.3583427e+02
   1.1104378e+02
   2.6242054e+02
   4.8370253e+01
   3.7023648e+02
   2.9700316e-04
   1.0618730e+02
   2.6515323e-02
   2.2107417e-01
   3.6806445e+02
   2.9842056e+02
   1.5966364e+02
   2.9109355e+01
   4.5854450e-03
   4.1296676e-01
   2.0184576e-02
   3.1293504e-01
   1.6506598e-01
   4.9458786e+02
   1.6640014e+02
   3.1086449e-02
   8.3558083e-03
   3.3267938e+01
   8.2269787e-03
   5.8873625e+02
   1.4994685e+02
   8.4651432e+01
   1.3026521e+02
   6.6937093e+01
   5.5909926e+01
   1.0910740e+01
   2.7848430e+01
   1.7794448e+02
   7.3951832e+02
   5.5918775e+02
   2.3041575e+02
   3.5242897e+02
   3.7741192e+02
   3.7434634e+02
   1.4809359e+02
   3.5649432e-02
   8.7120578e-02
   4.1972175e+01
   1.0648118e+02
   5.7536412e+02
   5.0490547e+02
   6.8650737e-05
   3.7764549e+02
   9.7053778e-03
   1.0711082e+02
   1.7869351e-01
   9.2273962e-02
   5.2435273e-02
   5.7768303e-02
   8.6564847e-02
   2.4206306e-01
   2.2486649e-01
   8.5892816e-02
   7.5195965e-03
   3.0070231e+02
   1.3809999e+02
   2.8405184e+02
   7.1582116e+01
   2.5549452e+02
   1.9233786e+03
   1.9970053e+02
   1.0218665e+03
   3.9974851e+01
   1.9628972e+02
   2.3427563e+02
   5.9051865e+02
   2.1954806e+02
   4.3017480e+02
   8.0773563e-02
   1.6012385e+01
   7.2990251e-02
   7.4618605e-01
   1.0694461e-02
   4.3181019e+01
   3.5063362e+01
   2.3208454e+01
   1.5995727e+02
   1.1269122e+02
   1.4620307e+00
   6.4953635e+02
   7.5349121e+01
   1.8559609e+02
   4.1581989e+02
   8.0147372e+01
   5.5453978e+01
   8.9616982e+01
   7.4043498e+01
   1.3154598e+02
   2.7143473e+02
   5.1558884e+02
   4.9747664e+01
   2.5916841e+02
   8.0400068e+01
   1.6160158e+02
   5.3468984e+01
   3.9337217e+01
   8.8470259e+01
   1.5499242e+02
   2.7905602e+02
   1.7108201e+02
   1.7656589e+02
   2.7402769e-03
   9.5883801e+03
   2.1434469e+02
   5.2191764e+02
   6.2980642e+02
   2.6049937e-02
   4.9595281e-01
   2.6846549e-01
   1.2882619e+00
   3.1552841e-02
   1.3273060e-04
   5.7708508e+01
   1.8995861e+02
   2.4424081e+02
   1.2871797e+02
   5.9792770e+01
   3.8102189e+01
   2.0829949e+03
   1.9078692e+03
   1.3076106e+03
   2.0083634e+02
   5.4679253e+03
   9.1453200e+03
   2.8734016e+03
   6.1780907e+03
   6.3354570e+01
   1.2455667e-03
   7.8615251e-03
   9.9302602e+01
   1.3725063e+01
   2.6198963e-01
   2.5101002e+02
   5.3773727e+02
   1.7385787e+02
   3.4945143e+02
   2.2518651e+02
   2.4741379e+02
   1.4252835e+02
   4.8971335e+02
   9.2726013e+00
   5.1465163e+02
   7.7281576e+00
   3.1153713e+02
   4.7536681e+01
   1.1699122e+01
   4.5651352e+01
   7.1553481e+01
   3.7506381e+01
   1.9743890e+01
   2.9384480e+01
   1.0906001e+02
   1.6227218e+02
   2.7142756e+02
   1.5686221e+01
   6.9375272e+02
   7.6404752e+01
   1.3130541e+02
   2.8283676e+02
   2.5995655e-03
   7.9263176e-02
   6.9096555e-03
   2.6750353e+03
   1.8715087e+03
   2.1511792e+03
   1.9351644e+03
   1.9485922e+03
   8.5529741e-02
   1.3811701e-01
   1.3821959e+02
   5.5175916e-02
   1.1346267e+02
   5.6090155e+01
   9.7320628e+01
   1.4944211e+02
   9.5772719e+01
   1.1349256e+02
   2.0227646e+02
   2.4123079e+02
   2.9378332e+02
   4.2776557e+02
   2.2575436e+02
   6.0081973e+03
   3.4300325e+03
   2.5911910e+03
   1.6394927e+03
   1.6144687e+03
   4.8256619e-01
   3.7325344e-01
   1.4004214e+02
   6.9040106e+01
   6.4566281e+01
   4.5133219e+02
   3.6941451e+02
   4.2720466e+02
   3.7145363e+02
   1.8837840e+02
   3.2932922e+02
   3.0849560e+02
   3.0021697e+00
   1.4385807e+01
   9.4636539e-01
   1.1142204e+00
   3.3599898e+01
   4.7005523e+01
   1.6440376e+01
   4.9143149e+01
   3.0788886e+00
   2.7305197e+02
   4.0739200e+01
   7.5321860e+02
   4.7752120e+02
   2.4922462e+02
   1.4676817e+01
   4.1151722e-02
   9.0598502e+01
   6.1565892e+01
   9.2599811e+01
   4.7541786e+00
   4.6160097e-02
   1.3048284e+02
   5.9710823e+01
   4.2734696e+00
   1.8437405e+03
   6.5037781e+03
   4.8221009e+03
   6.4823941e+02
   5.5704085e+02
   8.7348010e+01
   1.3739135e+02
   2.1775998e+01
   3.6616197e+02
   1.9507566e+01
   9.7946158e+01
   1.9755789e+02
   1.4457060e+02
   9.8021084e+01
   1.4862126e+03
   7.8435263e+02
   4.4734689e+02
   1.9437661e+02
   1.0058910e+02
   2.2449178e+03
   1.5134390e+03
   1.5763114e+02
   7.6904543e-02
   7.4906479e+02
   1.1821843e-02
   1.7801800e-01
   1.9137904e-02
   4.8686087e+02
   1.5004566e+02
   1.7500282e+02
   3.4167270e+02
   4.1077686e+02
   1.3938560e+03
   3.9148931e+02
   6.5630943e-03
   4.5989778e-01
   7.1078531e+01
   4.3951509e+02
   3.1914819e+02
   1.3872825e+03
   8.8995470e+01
   6.8156084e+01
   1.4942618e+01
   2.4148335e+01
   4.1816411e+01
   6.2863517e+01
   4.7561015e+01
   2.7836826e+02
   2.9489994e+02
   1.6829100e+02
   1.5202921e-01
   3.9862578e-02
   1.2191740e+02
   3.6890533e+01
   5.4542650e+01
   1.1706584e+02
   5.3062975e+02
   6.0154767e+02
   1.9560972e+02
   2.9807715e+01
   8.9433861e+00
   1.1989260e-02
   2.0861491e+03
   1.7774182e+03
   1.3521829e+02
   1.5046432e+02
   2.7687453e+02
   1.6411665e+02
   1.6179601e+01
   2.9450535e+02
   4.9559255e+01
   1.0946228e+01
   8.2122025e+01
   3.9914910e+01
   1.1032032e+03
   2.0351220e+02
   8.5483295e+02
   9.5331648e+02
   2.6394851e+03
   4.5357913e+03
   1.6123449e+03
   3.3794405e+03
   2.3571948e+03
   3.2710576e-05
   1.0296735e+01
   2.7790094e+00
   2.0263542e+02
   8.6544514e+01
   1.3245164e+02
   1.1566314e+02
   1.9117946e+02
   1.4221470e+03
   7.5577780e+01
   2.1410306e+02
   3.1030176e+01
   2.0704636e-02
   4.8807810e+01
   7.7674371e-02
   4.8629067e+01
   1.2326994e+04
   1.8511457e-02
   5.3011003e-03
   6.6080680e+00
   7.5882416e+00
   4.2373861e+00
   8.7131042e+00
   1.7029707e+01
   1.1846586e+02
   3.6912032e+02
   1.6509697e-02
   1.0746723e-01
   1.3018995e-01
   2.1780520e+02
   9.9585598e+01
   2.4247972e+01
   5.2222930e+01
   2.9846712e+01
   1.4321094e+02
   1.0113404e+02
   1.1371523e+01
   2.8304644e+02
   1.6921377e+01
   5.8069086e-02
   1.5647765e+02
   9.3184599e+01
   3.2441105e+03
   4.6066041e+02
   2.5232933e+02
   1.4679723e+02
   2.0509868e+02
   1.4420907e+02
   2.9001272e+01
   1.0733620e+02
   6.1106236e+01
   7.1291813e+01
   3.8280521e+02
   1.4450232e+02
   3.9028142e+02
   5.7081332e+02
   1.0042672e+03
   1.4181340e+02
   3.5175370e+02
   3.6240183e+02
   5.2473103e-02
   2.9298604e+01
   6.5101861e+00
   1.9434670e+03
   5.5433859e+00
   2.1865362e+02
   1.9336296e+02
   6.4889055e+02
   6.9099903e+02
   8.7968845e+02
   1.0182430e+03
   2.8031535e+02
   8.3026626e+01
   2.9722506e+01
   2.3388456e+02
   1.4075874e+02
   6.3925789e+03
   8.2356024e-03
   1.5167536e-02
   1.5582884e-01
   1.4057669e+01
   1.3920806e+01
   1.1923090e+01
   2.7321219e+00
   1.2414540e-02
   2.0140518e-01
   1.8503239e-01
   1.3746898e-01
   1.3434434e-01
   6.2171602e+01
   2.6532641e+02
   1.1677556e+02
   1.0100545e+02
   1.4341886e+02
   8.8239822e+01
   7.8696457e+01
   6.6536660e+01
   5.8114567e+01
   4.6383660e+01
   7.2234362e+01
   4.9561779e+01
   3.2783147e+03
   6.9700698e+02
   2.7324909e+03
   2.5283031e+01
   1.3574393e+02
   7.3802235e+01
   2.5818395e+01
   2.9582952e+02
   9.8762271e+01
   2.6717220e+02
   1.1198844e+02
   1.4920227e+02
   3.6268039e+02
   2.1604425e+02
   5.5287798e+02
   3.4920770e+02
   3.9102981e+02
   3.6055335e+02
   1.7287328e+02
   3.7013334e+01
   1.7628711e+02
   1.3900211e+02
   4.2233059e+01
   5.3912382e+01
   5.9304682e+01
   6.4567971e+02
   2.4624047e+02
   1.0692201e-01
   2.5507442e-02
   1.2707702e+02
   1.3840982e+02
   3.0001545e+01
   5.9095424e+01
   5.9192088e+01
   3.5390013e+03
   2.0436336e+03
   2.7027130e-02
   4.7001216e-03
   7.9872695e-02
   2.4263760e-01
   1.2299432e-01
   1.8483820e-01
   1.3670342e-01
   1.0222791e-01
   1.0007850e-02
   1.3343315e-02
   4.7055502e-03
   2.2388646e-01
   3.0880037e+02
   3.4352064e+01
   1.5134480e+02
   1.4511435e+02
   1.2199170e+02
   1.3492151e+02
   5.7424555e-01
   6.8627958e+01
   4.8616054e+01
   4.0889617e+01
   5.9486391e+01
   5.2718951e+01
   1.3515445e-02
   5.4189436e-02
   1.3999510e+03
   1.3729646e+03
   2.4532851e+01
   8.6451032e+03
   1.0004806e+04
   5.7307229e+03
   5.8170813e+01
   4.8054950e+01
   2.8926334e+02
   5.6173707e-02
   2.7031719e+02
   1.9407967e+02
   4.7560561e+02
   4.0404843e+02
   7.1133211e+02
   1.4002033e-03
   5.0597615e-02
   2.5197311e+01
   4.5007600e+01
   6.2534707e+01
   1.8521347e+02
   1.7626221e+02
   7.0316573e+01
   1.5928178e+02
   4.7974677e+01
   1.1697998e-01
   8.9663302e-02
   3.0652251e-02
   1.5256624e+02
   1.1060992e+02
   2.2980110e+02
   2.7031513e+02
   4.2254045e+02
   2.7688500e+02
   3.7773832e-02
   5.4767519e-02
   1.6378408e-01
   8.6572343e-01
   8.5899949e-02
   1.0625059e-01
   1.6160156e-01
   9.0460125e-03
   3.3275980e-02
   7.5348979e-03
   2.7971186e-02
   2.3478874e-02
   3.8907901e+02
   1.8978196e+02
   3.6321389e+02
   2.1194011e+02
   8.0067853e+01
   3.5162882e+01
   1.3392650e+00
   9.0217934e-03
   1.4494080e+02
   2.8815508e+02
   1.6372034e+02
   1.3612228e+01
   2.8732364e+01
   1.5262357e+02
   2.5341662e+02
   4.1622831e+02
   4.3194113e+02
   1.4125077e+03
   3.3287765e+03
   2.4792238e+02
   1.9268027e+02
   5.1310570e-02
   2.6789241e+02
   1.1497198e+01
   1.8625284e-01
   9.4149044e-02
   6.7274086e-01
   9.7490598e-02
   8.5769046e+01
   6.6925995e-02
   1.0315796e-01
   6.7349844e+01
   1.2258809e+02
   3.1673380e-02
   4.3632336e-02
   8.2305580e-02
   3.2733483e-02
   2.5346930e-02
   9.9250228e-02
   5.3044685e-01
   1.5361185e-01
   7.0053319e-01
   2.6701845e-02
   1.3120496e+02
   7.7049436e+01
   2.1941718e+02
   1.1557596e+02
   6.3281530e-03
   9.0616961e-03
   8.7213960e-02
   1.6492529e-01
   6.5918267e-02
   9.6745181e-02
   2.0253713e-01
   4.9733847e-02
   3.9791166e-02
   3.1370014e-01
   1.9706693e-01
   5.2253867e-02
   7.1861860e-02
   2.5781141e+02
   1.0054932e+03
   1.1135894e+02
   4.1536597e+02
   1.1155196e+02
   9.7204900e+01
   2.4354540e+02
   3.3212475e-02
   5.2745700e-02
   4.6638276e-02
   2.3023453e+02
   1.4580310e+02
   6.6987087e+01
   2.1864460e+02
   1.1510414e+02
   2.6468303e+02
   3.9866612e+02
   4.0913522e+02
   1.5665096e+03
   1.1011745e+03
   5.5464337e-05
   1.8220776e-02
   4.9728547e-02
   7.0479577e+01
   2.9584159e+01
   1.3116528e+00
   2.1781518e+00
   3.1601166e+02
   1.6156297e-04
   1.7756004e-02
   1.2420934e-01
   4.3796159e+02
   4.3854594e+02
   2.1002961e-02
   4.5623289e-02
   2.1019322e-02
   1.2921543e-01
   5.7228905e-02
   8.8189494e-02
   4.5943776e-01
   1.1772673e-01
   4.8520615e-02
   7.1808310e-02
   3.4084652e-02
   2.5072606e+02
   1.2632369e+02
   2.1549280e-03
   1.9135511e-02
   1.2179586e-02
   4.4800850e-02
   2.9423615e-02
   1.2316530e+00
   2.0507584e-01
   2.7211093e-01
   8.9317508e-02
   3.6245612e-02
   3.2552444e-02
   2.3419458e-01
   3.4996773e-01
   6.9542659e-02
   2.5202807e+02
   8.1403250e+01
   6.5398079e+01
   1.1112103e+02
   5.5475626e+01
   9.3509058e+01
   1.0217044e+03
   7.4677974e-02
   4.0401465e-02
   1.4211626e-02
   6.2223811e-02
   3.9880500e-01
   2.1189869e+01
   3.9540701e+02
   2.5529573e+02
   3.0574511e+02
   1.0236127e+03
   5.3710017e+02
   9.3567462e+02
   6.4875013e+02
   1.0019598e-04
   1.0058566e-02
   6.6445897e-02
   6.1044889e-03
   9.1076662e+01
   1.8662591e-01
   3.7805019e-01
   3.4162920e+02
   5.7963970e-05
   1.0745628e-01
   8.7154575e+02
   6.4961163e+02
   5.4378182e-02
   2.0131821e-02
   3.9433744e-02
   5.2792551e-02
   6.4563483e-02
   1.7896122e-01
   3.1250855e-02
   8.8692671e-02
   4.4199865e-03
   2.1247739e-01
   1.4002618e-01
   1.8782705e-02
   3.7785792e-02
   3.8517906e-02
   9.9627875e-03
   2.1318281e-02
   4.6062829e-02
   2.7648672e-02
   2.9928603e-01
   1.0710230e+00
   6.1168239e-02
   5.5425028e-03
   1.1591778e-01
   1.8968110e-03
   1.4732467e-02
   4.8958339e-01
   1.8588489e-01
   3.2209518e-01
   4.5359348e+01
   3.0586024e+02
   8.5851379e+02
   9.3677888e+02
   1.3484726e+03
   6.8685478e+02
   8.9267250e+02
   8.7568791e-06
   4.2679943e-02
   2.6321970e-02
   4.5938406e-02
   7.2658703e-02
   5.6230247e+02
   8.1152611e+02
   1.7063412e+02
   1.3313813e+02
   4.1851473e+01
   7.0459018e+01
   1.0973301e+02
   3.6986533e+01
   5.9249085e+01
   3.1835394e-02
   4.6100176e-02
   1.8215286e-02
   5.6758503e+01
   4.3079511e+01
   3.2517813e+01
   5.6459463e+01
   1.2043015e-03
   8.7646945e+01
   2.6160527e+02
   2.3267189e+02
   1.3592539e-02
   1.7768969e-01
   1.9308574e-01
   1.5509226e-01
   9.7969013e-02
   1.9107530e-01
   5.4505827e-01
   9.5729106e-02
   8.7526739e-02
   6.6103627e-03
   2.0145466e-01
   5.2294369e-03
   1.4758781e-02
   5.6375847e-02
   1.3465309e-03
   3.2594933e-02
   1.3731147e-02
   6.5132572e-02
   4.6163827e-02
   7.7521128e-02
   1.5272918e-01
   4.3451752e-02
   8.0201645e-02
   3.5606294e-01
   2.7520083e-02
   1.8237148e-01
   2.9631474e-01
   1.1208407e+00
   8.1060736e+01
   5.6999213e+02
   3.4555246e+02
   1.3575513e+03
   7.8893578e+02
   1.7120973e+03
   1.6326366e+03
   1.3373037e+03
   1.4345831e-02
   1.3384762e-01
   1.6247908e-02
   8.2488746e-02
   1.9835566e+02
   4.9855047e-03
   2.3302720e+01
   6.1369343e+02
   1.5187967e+02
   1.7779605e+02
   1.2024641e+02
   1.3782495e+02
   2.0369777e+01
   5.0312460e+01
   9.7610454e-04
   2.6346193e-01
   7.1974618e-03
   1.0449608e+02
   1.8283876e+01
   5.0071432e+01
   6.2108716e+01
   3.0475775e+01
   2.7597285e+01
   3.6771224e+02
   7.2775394e-03
   5.8867496e-02
   2.3935235e-01
   1.8244980e-01
   2.9442830e-02
   1.5249392e-01
   7.0889719e-02
   1.6031432e-01
   1.3875207e-01
   1.5364729e-02
   1.8642112e-01
   1.2078946e-02
   1.1954877e-01
   4.6207418e-03
   8.5989082e-04
   1.2351674e-02
   5.8182163e-02
   4.4024969e-02
   6.6699633e-02
   4.0363476e-02
   1.0161849e-02
   2.1634798e-01
   1.6672252e-02
   2.2640053e-02
   6.1907956e-02
   1.5934471e-01
   5.8736207e-01
   2.0351517e-01
   7.4589190e+01
   5.6008916e+01
   3.5967376e+02
   8.5232236e+02
   9.0646418e+02
   1.5684519e+02
   1.1523443e+03
   1.7857189e+03
   1.0800009e+01
   1.5471362e-02
   7.1840571e-02
   8.7959036e+01
   1.6525428e-03
   5.1147676e+01
   3.8345901e+01
   1.2294180e+03
   1.9635368e+03
   4.5816661e+02
   1.8018470e+01
   4.8190149e+02
   8.8234466e-02
   7.2602773e+01
   1.0572664e+02
   4.9260217e+03
   2.1850114e+03
   1.3782386e+02
   4.5738754e+01
   1.1731061e+02
   7.8248482e+01
   7.3691105e+01
   5.6973731e+01
   5.2655273e+01
   1.6140481e-05
   5.1697246e-02
   3.5657177e-02
   9.6308325e-02
   5.0092206e-01
   5.3029222e-02
   3.4046664e-01
   1.2297729e-01
   1.1521473e-01
   8.8083223e-02
   4.6912135e-03
   2.4343006e-02
   1.4841496e-02
   7.3447863e-03
   1.6718167e-03
   1.1218225e-02
   2.6576544e-02
   1.9307628e-02
   1.8740789e-01
   1.0997558e-01
   1.1633741e-01
   2.0810222e-01
   3.3092293e-02
   1.5469346e-01
   9.2869265e-02
   9.1215291e-01
   2.5599374e-01
   8.8581949e+02
   2.3179851e+02
   4.8401262e+01
   5.9469105e+01
   2.3450419e+02
   5.1279531e+02
   4.4311831e+02
   6.5016762e+01
   1.5458509e+02
   2.3590734e+01
   1.2274083e+01
   4.7252958e+01
   3.7038482e+01
   6.1064697e-02
   1.4048412e+02
   2.1481914e+02
   2.3984200e+03
   5.2163838e+02
   5.3210917e+01
   1.3651047e+02
   7.6296211e+01
   1.3621468e-02
   5.8036132e-02
   3.7357928e+01
   2.3170643e+01
   3.4759987e+01
   1.7745363e+01
   1.4033627e+02
   1.0711998e+02
   3.7011233e+02
   2.0540002e+02
   4.9453103e+01
   9.0023652e+01
   5.9438377e+01
   2.1956131e+01
   9.6802037e-02
   6.9538171e-02
   3.5139524e-02
   2.0783702e-02
   1.2860808e-01
   4.6089124e-02
   9.9414225e+00
   1.4069932e+01
   1.1012856e+01
   2.3951452e+01
   4.9360724e-02
   7.2353913e-03
   5.7032211e-03
   2.8613305e-02
   7.2210300e-03
   1.3183103e-02
   8.2621643e-03
   1.6281009e-01
   3.8105293e-01
   3.4930149e-02
   1.9628623e-01
   3.0674286e-02
   6.4114099e-02
   8.1069381e-02
   1.9506122e+02
   2.0589626e+02
   1.5284649e+02
   9.8729119e+01
   4.5752796e+01
   1.3020467e+01
   8.5869605e+02
   2.4226384e+02
   3.4993595e+02
   4.0260746e+02
   1.8423472e+02
   1.5180777e+02
   1.0830187e+02
   3.1709163e-02
   9.2193508e+01
   2.2746017e+02
   2.4273361e+02
   4.1121840e+02
   1.8662394e+02
   1.4485126e+02
   7.4863984e+01
   8.1023680e+01
   2.3744383e+02
   2.0641264e+01
   1.4384233e+01
   4.9748677e+01
   2.5273240e+01
   6.5485855e+01
   8.7331407e+01
   3.5676756e+01
   9.1852568e+01
   2.2901477e+01
   3.6619455e+01
   3.8566427e+02
   3.3090078e+02
   4.5078267e+01
   4.0921024e+01
   2.5629408e+02
   1.2699360e-03
   1.3130780e-02
   1.8856034e-01
   4.4034341e+01
   2.4399985e+01
   7.0056609e+00
   3.2849037e+01
   2.9849392e+01
   2.1299186e-04
   7.0307701e-02
   1.6072153e-02
   2.6225445e-02
   1.4918578e-02
   2.4954105e-02
   2.3047578e-02
   4.6907279e+01
   1.3190086e-02
   1.7045955e-01
   9.5034653e-02
   2.4660325e-02
   3.0075431e-01
   1.4055248e+02
   4.1599540e+02
   7.0883115e+02
   8.0081636e+01
   1.2827625e+02
   7.0752445e+01
   9.5458451e+00
   1.1497247e+02
   1.2264508e+02
   1.1362347e+02
   5.3353460e+01
   9.0976849e+01
   2.2905949e+02
   3.7276818e+01
   1.1797805e+01
   7.0461038e+01
   4.8764606e+01
   1.8344848e+02
   2.8749466e+01
   3.3617242e+01
   7.3943505e+01
   6.1460763e+01
   4.8459469e+00
   9.8840023e+00
   9.6999301e+00
   4.4372246e+01
   7.7514746e+01
   5.2594344e+01
   4.0207013e+01
   3.5146579e+01
   7.9360803e+01
   3.3968569e+01
   3.8351279e+01
   1.8247062e+01
   5.1119963e+01
   3.8708745e+02
   1.4077520e+02
   1.4124964e+02
   1.6355169e+02
   8.0664181e+01
   3.9346367e+01
   4.6316009e+03
   9.3847637e+02
   1.9116801e+02
   3.0237676e+02
   1.6394745e+01
   2.0197885e+02
   7.3758665e+01
   9.1552773e-04
   1.5731279e-02
   2.3202440e-02
   9.9848808e-02
   2.7487884e+01
   2.4589599e+02
   1.8617337e+02
   1.1886874e+03
   6.5921773e-07
   5.6846787e+01
   1.6529502e-01
   1.8660386e-02
   3.9700185e+02
   1.5189457e+02
   6.4312504e+01
   2.8480277e-02
   1.6323492e-01
   6.8398400e-02
   3.1368878e+02
   2.7582260e+02
   1.4020206e+02
   4.4386061e+02
   2.4968558e+02
   2.6609669e+02
   3.6930144e+02
   4.6868719e+02
   2.6483215e+02
   5.9788370e+02
   9.4688641e+01
   2.2376347e+01
   7.0109656e+01
   3.1309484e+01
   1.1126275e+01
   9.9925393e+00
   4.1475314e+01
   4.2016348e+01
   1.4064427e+01
   3.8678792e+01
   4.5290940e+01
   3.5963397e+01
   3.3198331e+01
   7.8989355e+01
   1.3195124e+02
   1.9014570e+01
   2.7924615e+02
   2.5571933e+02
   5.4304814e+01
   1.4416120e+02
   3.1064091e+02
   1.1561968e+02
   1.1652910e+02
   2.8261857e+02
   1.0359991e+04
   4.2361090e+03
   2.7242008e+03
   9.4780519e+02
   1.0993811e+03
   5.7195491e+02
   4.0903966e+02
   2.3432299e+02
   1.7333739e+02
   2.3833588e-02
   5.4720533e+01
   4.1415004e+01
   3.1956814e+01
   6.7172855e+01
   3.8259211e+01
   1.6466194e+02
   1.0185508e+02
   6.8814490e+01
   3.5099527e+01
   4.9244646e+01
   9.5725835e+01
   8.6188448e-03
   6.1257706e-02
   1.0084505e+02
   1.1516525e+03
   4.0241631e+02
   2.3070309e+02
   1.2175764e+02
   7.5432038e+02
   9.1397819e+02
   1.7195042e+02
   5.8474424e+02
   3.7267860e+02
   1.3254811e+02
   1.5987414e+03
   3.6095987e+01
   7.8347169e+01
   8.8713912e+00
   3.3468209e+01
   3.6859576e+01
   1.0511937e+01
   1.0910061e-02
   1.1442975e-01
   4.3396220e+02
   2.6082221e+02
   8.7813162e+01
   6.2882109e+01
   1.5168056e+01
   1.0005123e+01
   4.3410186e+01
   1.5015617e+01
   5.8992948e+00
   6.4256741e+00
   2.8478711e+01
   3.6645461e+01
   6.9657922e+01
   3.2396283e+01
   1.3384153e+02
   2.8009333e+01
   1.2394055e+03
   8.8517646e+02
   1.9672546e+03
   1.6732246e+03
   1.2624977e+03
   5.8126433e+02
   2.6440243e+02
   1.6112616e+03
   1.1142548e+03
   2.0008777e+02
   1.4696468e+00
   1.4318445e+01
   1.2913853e+01
   1.5029469e+01
   2.6940888e+01
   2.1119414e+01
   6.9680465e+01
   5.2078844e+02
   1.6681277e+02
   7.3450309e+01
   1.5208208e+02
   9.3377729e+02
   3.6301468e+02
   1.4022884e-01
   6.9978677e+02
   2.9567187e+02
   6.2199850e+02
   4.6028168e+02
   9.7397293e-02
   4.3590227e+02
   3.0918801e+03
   4.6397288e+02
   5.3446046e+02
   1.5620572e+02
   6.1053582e+01
   4.9942950e+02
   4.8337009e-01
   2.8066276e+01
   4.2001775e+00
   1.2467956e+02
   8.3151925e+01
   1.8450402e-01
   1.1592241e-01
   2.2446256e-01
   8.4209459e-02
   1.8387094e+02
   5.0335027e+01
   3.8360843e+01
   2.3000449e+01
   1.7342171e+02
   6.6334939e+01
   1.6337624e-01
   1.8916809e+01
   2.1572877e+02
   8.8642958e+01
   1.1258215e+02
   5.1341238e+01
   8.4382142e+01
   2.1001530e+01
   6.1141925e+01
   1.3435927e+02
   2.7054140e+02
   6.0190864e+02
   3.7959215e+02
   1.1262016e+02
   1.5302165e+03
   1.0366061e+03
   5.8858716e+02
   1.9023050e+02
   1.7012573e+02
   1.2033714e+02
   2.7980284e+01
   5.7275902e+01
   2.9918284e+01
   3.9640422e+01
   4.3117271e+01
   3.6353976e+02
   7.6312389e+00
   4.3740860e+01
   3.6954221e+01
   2.8132077e+02
   1.5812942e+02
   3.2501340e+02
   5.9101682e-05
   6.7140128e+02
   4.0537816e+02
   7.4085953e+01
   1.9152481e-02
   1.1610610e-02
   2.7813186e-02
   4.4273394e+01
   3.6369526e+01
   1.4023900e+02
   1.2300695e+02
   2.2154727e+02
   2.2106034e+02
   2.3814676e+02
   1.5779931e+01
   1.7062069e+01
   3.8966411e+01
   5.6904571e-02
   2.5235674e-01
   8.8904822e-02
   6.9822810e-01
   7.6582428e-01
   1.5925654e-02
   1.7101444e+01
   1.0977715e+01
   2.7587089e+02
   1.6926794e+02
   7.6086178e+01
   7.0423908e+00
   1.4268258e+02
   7.2215050e+01
   2.5457962e-05
   1.8863310e+02
   4.7286276e+02
   6.5352064e+02
   5.4620137e+02
   4.0580560e+02
   2.9381806e+02
   2.6439206e+02
   7.3048013e+01
   9.0072446e+01
   1.1183928e+02
   1.1653493e+02
   6.8335668e+02
   1.0731262e+03
   2.7575832e+02
   4.8377451e+02
   9.1989429e+01
   1.0173407e+02
   7.0602272e+01
   1.9056956e+02
   1.8911847e+02
   1.6654617e+01
   4.8958675e+01
   6.8495223e+01
   4.3730737e+01
   2.3604008e+01
   1.5977732e-03
   5.5928195e+02
   3.8550482e+02
   3.9024684e+02
   8.8680878e-02
   9.2935863e-02
   7.5366229e-02
   3.2293213e-01
   2.0885787e-02
   7.8258610e-02
   1.3737128e-02
   1.6171019e+02
   4.7983244e+02
   3.6518757e+02
   3.5958161e+02
   6.1389773e+01
   3.0844537e-05
   1.4058574e-01
   2.6446445e-01
   5.6743703e-01
   2.5769371e-01
   1.3903777e-01
   3.3617254e-02
   2.4457985e-01
   5.3314679e-02
   2.5260885e-02
   9.9619613e-02
   3.2396427e-02
   1.6833939e+02
   2.3188800e+02
   1.6425278e+02
   1.0424236e+02
   1.8347971e+02
   9.9197080e+01
   2.5960938e-02
   1.3620249e-02
   2.3580630e-02
   2.1712749e+02
   1.7076226e+02
   2.5811508e+02
   1.7888041e+02
   1.9891188e+02
   5.1977336e+01
   1.6024879e+02
   9.2617849e+01
   1.4071520e+02
   6.3437634e+01
   1.0799101e+02
   2.4141462e+02
   5.4217418e+01
   4.6486401e+02
   5.4652093e+02
   5.1483249e+02
   1.0174821e+03
   7.7513572e+00
   3.9272030e+01
   2.0300276e+01
   2.9116976e+01
   1.5603732e+01
   7.1867241e+00
   4.0461961e-01
   1.4581948e-01
   1.8602995e+02
   2.0461114e+02
   2.7243778e-01
   1.9677748e-01
   4.4972666e-01
   8.0052856e-02
   3.7078203e-01
   2.4177183e-01
   2.6041600e-02
   4.0980414e-02
   1.9087856e-01
   1.7096452e+02
   8.5080439e+01
   1.8461322e+02
   5.9200483e-02
   1.6534155e-01
   2.1598474e-01
   9.7724774e-02
   2.1107754e-01
   1.5967307e-01
   1.0152149e-01
   2.2916645e-01
   1.1022912e-01
   4.4480538e-02
   6.0705433e-02
   1.8335863e-02
   2.8105900e-02
   2.7287357e+01
   4.4693218e+01
   6.1543976e+01
   7.1689396e+01
   2.0736635e-02
   4.4050185e-02
   4.9555523e-02
   4.9237570e-02
   8.7766532e-02
   9.6982222e+01
   4.6416692e+01
   3.2267640e+01
   3.6073231e+01
   5.1078542e+01
   1.3666254e+02
   3.9707221e+01
   1.4146740e+01
   2.8147785e+01
   1.5781425e+02
   8.2403007e+02
   1.9935772e+02
   9.3036647e+02
   1.5905831e+03
   1.5875731e+03
   1.0306459e+03
   6.1370159e-01
   8.5510451e+00
   1.3067697e+01
   1.1334670e+01
   1.9517350e+00
   1.9789216e-02
   7.9813408e-02
   1.7721794e-01
   1.3410415e+01
   1.2785155e+01
